610
25
72
195
415
4
99
129
202
156
168
9
246
143
39
3
200
4
1
1
7
29
208
59
11
387
9
7
391
38
1
106
247
51
13
1
134
2
3
37
12
22
44
226
189
52
2
251
109
14
16
2
5
275
8
313
39
121
106
395
1
15
211
210
6
5
2
128
1
970
2
176
207
2
34
178
1
2
116
225
1
1
130
8
122
18
9
42
155
4
1
810
1
17
1
1519
180
4
5
7
2
275
53
139
3
20
12
15
97
277
160
3
2
10
164
133
4
126
394
1
2
2
186
9
179
97
1
138
217
12
41
123
390
244
617
35
3
45
110
374
10
93
8
5
55
6
15
47
119
84
138
6
259
286
201
267
300
1
6
16
1
253
1
621
1
79
65
1
200
74
69
4
85
78
138
6
2
544
24
91
557
126
466
555
437
21
187
6
108
167
7
40
157
151
1
4
214
51
198
201
8
147
4
39
159
90
21
17
18
109
108
12
11
278
421
4
249
141
20
8
1
297
152
46
115
244
1
367
2
179
186
472
199
67
152
8
190
175
192
2169
3
3
131
138
721
1
19
5
92
2
57
2
140
1
192
1
11
710
79
22
109
290
286
22
29
12
20
51
78
12
2
1
1
104
3
137
3
81
461
191
1
105
278
13
9
4
35
47
1
4
3
1
1
268
1
90
322
1
11
163
8
123
283
83
95
181
8
7
233
1
3
222
200
6
31
8
102
893
147
59
135
101
2
6
690
2
212
505
24
128
6
7
86
95
72
10
1
28
463
112
1
2
144
4
206
3
150
5
151
7
485
7
187
6
364
121
29
5
291
1
2
9
141
2
222
4
250
38
258
4
17
4
178
79
11
8
1
170
21
1
259
145
6
4
1
1
1
44
14
42
9
174
12
22
61
10
1
556
3
4
3
7
31
117
502
2
8
117
31
3
366
159
243
1
161
103
21
141
110
3
3
40
2
150
113
133
3
11
1
1
483
909
3
3
71
3015
1
4
403
34
8
39
59
10
93
242
38
15
4
1
8
249
655
1
156
7
1
2
38
90
2
268
15
327
186
45
1
37
18
1271
171
490
102
315
157
65
1
1129
13
350
28
240
19
160
9
263
1
4
397
2
122
39
577
7
48
134
141
34
3
82
5
1303
12
264
9
1
22
351
104
18
654
1
351
252
1
25
146
2
5
388
3
17
38
506
133
196
6
16
8
18
8
81
1127
457
8
445
21
6
1
354
36
80
243
57
2
125
256
9
24
278
127
35
1
128
223
315
272
172
71
88
751
7
4
360
101
331
11
102
1
1
134
61
2
9
1
3
479
133
132
1
111
35
111
442
163
71
36
14
252
54
30
6
21
206
2
4
11
3
4
108
179
1
193
3
525
61
103
1
1
43
391
4
135
16
2
4
139
17
208
14
728
510
3
108
8
394
45
149
52
127
85
12
12
119
175
130
7
11
233
133
145
213
222
763
33
42
287
606
2
2
485
29
95
651
248
10
66
289
642
8
1
51
321
1
75
9
386
178
9
2
87
287
4
148
110
8
59
50
17
4
5
444
157
14
34
18
18
3
5
5
389
7
542
763
2
4
75
3
120
1
133
1
1
141
2
958
27
43
130
247
1371
91
2
23
46
173
2
158
135
265
5
67
13
63
312
4
3
310
195
7
47
1
211
11
187
157
9
482
7127
2
6
11
326
47
32
2
12
149
70
219
301
98
117
21
5
1
1
42
1
41
1
6
155
105
277
34
261
4
80
218
154
25
2
12
318
24
3
392
8
176
17
1
4
279
11
71
23
51
221
107
4
375
225
49
9
66
50
27
5
1
198
125
142
102
3
129
41
341
392
154
197
60
11
12
16
1
48
10
291
197
26
126
69
34
95
11
251
15
523
229
89
104
182
1
133
2
203
27
176
5
219
217
13
5
148
7
224
540
11
6
119
20
458
347
274
48
2
5
17
137
259
1284
42
2
5
2
77
9
7
5
114
8
2
15
183
167
37
222
279
55
3
1
3
99
5
179
7
117
5
162
5
2
161
8
297
28
238
328
11
2
1
258
33
8
128
24
7
177
113
2058
94
1
25
727
7
1
176
293
48
224
140
119
5
238
7
2
124
8
284
204
2
137
121
101
12
1894
245
170
4
141
27
11
218
14
4
175
1
8
44
9
3
136
4
2
2
54
46
158
80
151
296
130
2
89
2
114
148
4
1
16
143
11
262
233
3
706
130
629
35
42
71
1
220
117
238
21
163
1251
3
3
99
437
2
109
12
156
191
83
5
3
218
16
17
5
149
20
103
170
199
309
46
124
8
33
1
2
142
1
85
137
263
37
130
152
75
17
156
3
4
744
137
1011
146
1
178
63
146
216
4
5
191
247
10
25
6
17
1
30
4
127
13
2
141
47
157
380
2
85
29
499
1
76
3
56
6
33
122
28
9
106
6
36
762
253
3
160
7
427
81
91
8
21
63
457
117
2
3
328
11
46
35
281
7
1
292
56
1
155
81
2
223
3
61
40
43
1
1
311
1
50
10
140
3
1
5
1
180
1
319
175
10
31
4544
17
25
211
2
1296
32
165
198
184
83
17
1890
5
1
130
6
6
83
4
2
3
3
168
274
4
1
2
8
826
102
76
584
382
103
346
64
29
57
2
20
1
17
1
172
165
23
110
13
168
82
46
5
2
189
39
290
96
68
191
323
196
3
28
296
262
496
1
10
47
151
189
18
1
10
330
187
4
175
6
4
2
10
1
9
12
1
4
15
871
173
9
6
9
156
63
103
572
267
66
1
4
9
6
12
324
2
516
635
199
15
10
177
506
168
198
547
179
34
250
47
83
109
1
18
65
346
72
147
3
178
27
130
890
174
11
3006
3
81
348
605
282
3
15
119
221
407
10
245
240
203
107
5
68
2
350
31
70
33
1
116
228
251
175
14
2
1
222
177
22
3
2
7
87
87
57
2
563
81
7
385
4
187
764
206
217
140
212
1
1
4
132
49
213
497
2
34
43
255
135
297
88
4
88
8
267
65
134
182
47
37
158
97
180
3
2
230
43
112
496
54
1
170
1
1226
182
4
124
78
19
2
625
209
7
26
566
154
14
13
2
166
38
1
741
26
311
3
1
2
105
92
350
910
3
250
286
2
1
2
3
309
242
20
170
22
69
255
110
48
339
203
7
3
567
7
5
361
45
46
224
138
187
1
488
98
502
3
405
156
2
299
13
44
28
66
582
17
29
9
1
3
124
3
3
8
149
33
68
11
85
221
15
19
9
315
2
369
6
272
4
114
1
153
95
28
11
5
1
170
46
8
1259
175
309
37
2
493
270
89
129
211
3
5
6
19
242
4
18
103
27
33
43
72
232
7
192
131
14
1
19
7
231
22
82
122
326
16
328
144
12
43
242
71
23
160
129
30
213
160
76
78
59
22
116
258
169
15
243
50
70
1173
326
320
129
51
32
8
81
364
130
8
135
209
79
169
13
83
3
263
843
1
1
130
150
661
145
8
66
10
20
2
64
185
97
288
78
25
17
4
23
290
47
4
3
1
321
113
926
19
143
1
53
4
3
9
145
13
316
2
174
149
234
15
1
46
166
1
147
6
14
17
138
164
1
426
6
1
406
170
2
2
38
5
129
4
970
98
6
97
7
10
114
6
120
30
56
391
9
234
106
216
345
245
57
46
197
15
275
3
4
1
176
212
155
25
5
6
2
1
140
5
221
98
179
424
699
1
434
1
722
332
35
2
2
31
292
149
234
168
4
78
2
3
17
4
60
13
1
1
57
5
217
1
113
2
149
3
239
200
39
78
156
42
1
265
207
81
36
160
78
177
64
855
222
146
30
131
96
23
20
125
14
2
15
11
5
1
32
79
206
683
165
1
8
3
320
1
3
126
3
44
136
1
798
282
3
333
1
5
74
6
15
418
7
108
142
213
166
1
263
1
171
2
1014
190
42
163
732
92
2
1
26
3
1
4
1
5
1
1081
2
40
99
129
36
23
387
54
1
11
277
13
22
8
45
8
1
176
35
158
197
2
46
89
88
330
237
3
324
52
1
24
9
81
450
2
3
146
129
3
728
18
1
12
394
8
16
146
1449
131
126
1370
73
66
28
291
2
320
35
347
328
1134
11
10
2
9
1
99
18
99
32
118
616
203
33
184
4
1
182
2
130
2
440
237
604
251
2
484
1
10
20
117
608
116
219
8
412
199
3
221
65
50
272
5
3
178
371
4
128
136
2
140
1
1
2
54
24
5
164
175
5
110
71
115
41
100
1215
3
1
172
91
15
2
3
108
12
25
1290
1
393
149
388
103
448
721
217
3
140
47
72
80
23
194
15
73
1
1
1
262
18
106
399
9
1
4
45
39
271
36
253
227
1
303
34
192
32
207
1
1
82
20
85
199
1
89
211
109
23
16
19
321
2
212
94
162
5
101
1
5
979
86
7
69
658
13
192
226
418
203
2
161
26
309
2
4
3
77
99
45
50
173
43
490
3
734
653
149
135
199
324
64
4
34
1
9
4
10
215
91
119
17
133
632
4
1
1
2
237
1108
2
38
298
1
55
177
178
155
1255
43
20
225
565
8
5
166
75
270
60
157
11
9
5
5
62
239
11
48
7
4
5
19
39
22
85
37
17
8
45
2
193
57
28
358
2
1
166
275
134
3
13
4
242
1
41
128
10
8
507
213
123
27
178
3
1
194
33
153
20
118
5
99
114
83
204
20
130
695
247
216
610
1
211
27
252
1
131
16
106
5
77
1809
10
110
8
419
186
10
57
215
22
49
187
1
189
157
67
41
4
199
4
41
8
60
81
4
81
219
144
431
141
7
305
113
506
164
892
382
90
51
135
71
374
2
410
201
11
227
4
6
14
443
171
312
53
105
100
12
2
206
260
90
607
37
37
863
256
335
160
137
170
1
21
192
90
2
231
188
11
1
4
175
11
154
1768
400
34
344
37
128
69
26
3
85
328
2
416
239
7
60
217
103
1
7
13
98
256
193
84
1
27
152
198
92
1901
2
1
2
8
28
28
108
117
285
25
10
8
161
140
169
1
3
264
323
20
59
13
7
1459
11
236
134
1
48
492
10
2
1338
288
1
34
249
139
122
141
81
1
9
1159
4
3
95
60
1
258
220
139
1173
11
95
185
2
1
217
10
174
198
249
13
292
98
150
183
36
137
74
181
22
2
1
1
1
5
23
2
31
132
70
113
64
4
428
2
2
5
174
11
79
182
3
1
8
14
18
2
42
1
3
146
39
4
63
45
34
657
230
2
2
3
872
3
325
79
81
3
17
257
9
2
11
5
10
19
38
666
167
59
373
158
81
1
619
431
10
77
66
261
7
144
91
145
3
4
100
2
1
454
243
6
810
33
1
19
295
89
9
1
465
19
2
271
1
8
285
157
165
6
131
116
554
362
1
2
5
40
99
4
70
196
56
106
24
9
4
6
1
437
121
113
14
268
21
3
751
3
36
218
89
137
269
145
372
1
14
168
131
1
31
75
2441
1
1
1
20
113
265
1
75
6
63
7
2
29
1
8
4
114
1
2
122
276
41
1079
182
9
1
210
75
65
43
257
1
172
1
283
62
8
24
90
1
3
144
1
265
54
2
558
29
56
251
132
17
1
6
12
73
73
15
94
10
124
156
105
218
5
362
296
1
1
550
116
11
4
16
209
1
138
1
63
3
85
11
2
5
1
3
35
1
91
218
255
5854
59
1
7
251
1
6
199
5
208
199
283
2
4
195
182
118
205
278
85
261
8
1
35
289
188
20
123
13
17
9
4
615
15
58
170
225
134
4
197
6
404
28
3
98
6
134
250
10
7
182
1
1
2
645
1
419
8
8
1
71
976
15
25
25
50
1
75
231
174
1
2
187
74
111
1
83
88
3
2
867
1
47
74
35
201
1
1
381
5
2
9
112
191
283
119
764
146
4877
34
1
126
39
578
1
11
2
80
38
140
2
19
166
1
1
1
61
106
23
28
312
38
113
48
168
64
1
251
4983
323
233
351
523
1
3
4
23
162
4
21
122
8
97
3
5
328
349
2
417
71
203
128
2
2
2
240
221
7
9
308
247
274
9
156
247
245
6
4
2
172
85
19
38
126
1
9
5
8
22
379
420
5
2
415
2785
180
1
22
113
4
80
1
1
16
109
171
2
14
67
23
104
3
214
66
69
70
2
1
11
9
283
266
10
157
4
2
4
332
32
2
145
204
33
7
1
70
4
7
137
1
127
8
375
95
107
545
2
101
251
196
18
4
1
228
14
89
224
1
105
15
11
156
104
123
1
66
3
5
180
96
421
37
17
217
296
102
1
15
106
183
489
401
148
40
8
198
7
782
343
158
1
1
266
1
1
1
7
455
1
7
188
1
210
98
293
531
14
3
10
5
143
26
58
2
134
62
296
119
4
138
311
93
1
116
112
35
114
15
5
2
12
82
997
6
8
47
60
367
7
11
211
87
47
139
66
4
246
120
118
4
2211
28
256
25
74
16
12
158
9
55
124
9
6
36
3
127
164
407
97
1
190
4
71
1
98
139
27
606
1
141
203
132
2
244
9
1161
145
64
3
17
194
73
100
234
48
21
1
2
66
6
8
3
1903
92
45
13
3
123
177
95
7
247
3
939
2
11
7
148
393
3
10
1
1
433
2
12
63
237
1
226
209
97
3
3
4
137
71
62
232
50
8
13
143
19
3
87
344
265
782
121
1
99
3
44
129
244
2
136
11
163
189
30
92
233
146
1
117
7
13
10
26
2
67
5
49
5
5
1
297
25
253
14
10
11
62
145
8
25
93
2
5
144
65
87
94
451
1
298
256
7
3
9
3
15
216
1
90
2
38
15
12
8
36
623
4
173
109
819
1
104
119
135
101
1
174
410
5
17
87
1
72
3
151
1
1
1156
109
1
277
16
2
3
1
1
5
6
9
276
161
7
29
4
128
1
47
16
55
154
1
2
75
161
4
523
258
225
65
208
22
2
39
197
28
406
2
1
80
53
52
456
6
14
107
68
285
5
224
5
62
63
47
25
569
69
2
75
56
115
1
3
28
3
1
448
5
398
198
258
4
1
600
54
179
303
79
262
2
14
22
178
56
13
140
1
13
6
131
98
14
49
547
184
86
46
75
1
829
12
10
1
95
305
158
61
22
14
57
77
112
170
13
73
122
81
7
76
395
2
11
118
299
1
214
178
87
4
1
206
224
1
3
905
652
15
1
107
205
81
107
328
51
1
2
90
74
1
28
19
18
11550
309
1100
251
679
56
17
1
93
82
127
146
120
136
31
3
34
43
40
1
1
117
3
2
2
797
47
5
197
231
14
62
39
461
4
2
166
202
134
114
96
2
757
102
277
19
235
103
214
1
1
1
127
1
381
144
5
49
500
344
14
39
56
601
171
1
40
1
5
257
60
1
190
470
9
8
6
232
16
552
65
136
150
41
3
195
121
51
155
1
29
6
85
46
80
1
5
182
1
11
4
1
130
69
341
119
212
168
16
213
6
117
10
5
77
287
24
81
123
104
161
599
192
29
469
485
61
124
354
49
2
317
2
328
13
1
256
311
88
97
1
28
1
24
10
868
8
213
82
691
46
6
15
372
320
1
15
1
97
1
164
137
3
2
174
109
9
102
74
219
5
84
9
6
3
14
365
444
2
5
13
41
7
170
96
5
7
60
61
1
121
66
164
1
9
5
25
301
4
2
10
5
138
5
11
31
89
183
72
5
6
285
64
589
52
1
103
320
228
86
56
10
95
5
278
20
76
88
12
14
1
1
26
1
405
16
125
18
91
4
200
20
103
1
34
7
278
156
221
164
2
6
743
484
5
5
20
318
154
270
6
123
550
22
260
136
215
306
176
219
241
13
3
9
94
34
195
557
12
9
1
181
332
2
4
24
87
11
40
1
24
542
49
30
164
35
21
218
86
249
221
4
9
74
106
237
256
10
28
482
212
324
1
89
95
50
210
15
2
14
1
600
349
11
12
110
2
51
17
145
2
169
22
208
2
16
26
16
112
20
16
248
187
29
97
185
140
67
33
128
19
36
1972
40
3
21
148
135
1
53
2
1
29
20
307
726
3
4
14
298
16
157
1
6
23
182
4
34
7
3
13
4
1
3
284
1
43
120
87
98
13
183
205
728
1502
4
3
1
117
979
2
95
445
94
226
185
7
62
6
14
212
508
415
77
120
20
1
45
11
130
4
2
233
1
275
1
8
76
1391
7
226
141
296
61
853
231
27
7
160
8
175
32
7
4
5
174
211
42
806
4
818
65
97
1
138
125
10
268
159
8
3
88
17
86
1
220
5
30
68
3
85
7
2
1
102
86
262
3
172
125
2
2
410
409
90
268
51
128
460
315
7
61
23
2
272
55
399
95
104
92
108
512
146
14
50
4
161
3
77
2
136
57
2
4
10
159
6
6
497
106
10
204
3
29
150
812
184
149
358
1
169
10
1
171
178
13
24
336
797
3
1
3
125
180
307
108
3
5
607
7
395
1
28
4
335
5
201
56
142
69
1
1
18
184
144
89
13
175
873
368
7
1
3
146
917
2
7
46
231
612
1
265
58
2
468
344
3
183
469
31
123
41
44
36
11
4
2055
96
93
43
105
6
13
19
155
274
544
8
192
209
175
2
222
10
62
11
27
5
44
1
168
1
16
384
119
205
100
110
27
11
179
12
212
8
151
105
339
110
1
119
84
111
783
3
4
185
67
138
357
136
2
94
8
7
106
129
93
34
125
18
56
70
139
1
107
72
1
31
240
1
299
551
1
117
1
232
81
105
295
1
8
90
211
6
10
36
9
3
16
1
202
98
415
389
11
148
84
5
143
129
290
6
5
259
46
1
626
431
1
219
10
3
2
14
229
180
249
1
219
9
289
21
7
2
148
3
65
7
3
30
3
754
85
2
824
112
7
2
18
118
7
136
8
194
4
45
10
504
232
7
30
15
1464
82
61
5
154
178
200
203
43
143
87
120
63
98
25
252
5
20
6
38
6
113
1
251
26
2
145
228
368
180
67
6
6
131
205
300
352
294
44
7
248
8
128
2
239
595
174
253
9
11
213
1
14
1
605
89
18
68
3
4
27
103
261
179
130
56
4
2
376
54
1
21
1
156
306
22
766
40
8
264
143
100
28
2
99
145
8
72
11
4
5
238
203
205
98
10
485
273
385
5
27
135
160
4
284
5
76
1
135
309
527
2
45
4
719
48
6
400
2
16
7
102
117
105
58
116
2
56
329
120
34
983
2
78
16
40
1
4
13
77
735
108
5
44
20
272
10
153
160
212
514
42
167
25
5
344
7
6
257
5
7
80
7
1
4
331
233
448
31
82
5
145
1712
762
125
1
7
1
310
5
57
4
252
3
6
90
276
3
135
133
3
23
224
2
191
152
10
142
332
197
9
616
2
143
2
1
191
300
148
78
38
231
461
4
459
120
239
179
110
350
27
7
259
5
196
5013
182
7
15
3
93
5
4
95
38
81
270
3
204
23
5
217
6
60
5
12
206
289
273
127
238
55
358
181
84
138
4
118
106
2365
3
3
5
11
8
48
299
47
169
123
8
2
474
15
45
140
80
5
43
7
46
3
1
3
282
370
208
4
2
1
134
21
2
16
10
2762
15
4
69
1
152
119
355
98
157
5
18
249
160
18
15
4
12
23
215
107
2
11
314
111
6
3
1193
193
240
47
331
8
29
253
150
145
307
5
24
13
539
147
45
3
105
261
1
814
416
251
1
9
1
13
22
3
65
175
425
238
7
159
193
252
5
5
121
2
13
7
346
828
198
1
2
222
146
240
977
69
93
221
11
73
2
72
179
1
1
4
554
131
4
1
123
35
357
61
138
1
255
422
33
29
1
30
93
1
88
487
186
30
120
2
146
8
277
3
2
236
38
350
74
243
2
7
156
89
12
269
28
63
172
5
48
232
118
25
53
74
228
5459
4
126
176
44
209
202
141
6
479
19
419
1
62
1
1
2
6
3
336
2
269
100
99
78
5
318
51
45
1
2
116
11
25
5
121
157
599
161
56
3
12
165
122
143
155
1
37
93
1
162
189
395
71
123
96
8
56
293
9
84
93
283
2
247
421
193
2
124
17
10
356
1
143
958
1
67
171
1
165
1
28
60
291
468
3
39
317
1
111
89
33
98
2120
1593
41
181
3
19
1
27
5
117
158
312
813
327
929
11
411
195
320
157
166
116
120
25
377
314
157
3
268
1
13
3
105
176
69
100
47
17
1
815
4
437
3
5
188
45
4
138
66
27
30
6
402
70
130
169
123
1
364
183
26
16
414
156
1
40
205
1
314
1
568
52
13
5
85
34
110
25
118
16
12
255
16
161
269
8
68
69
3
6
413
78
269
5
10
7
219
43
2
235
11
242
103
64
91
6
409
152
179
40
87
1
5
648
92
109
49
25
1
7
226
181
1
415
1
1
2
895
96
48
783
1
1
158
1
49
4
7
93
8
1
378
145
303
1
268
12
225
481
1
144
170
86
130
78
6
1
346
130
1
237
55
8
7
1
8
652
234
607
76
501
172
131
77
132
114
134
154
1
10
385
140
4
1
7
58
18
96
11
144
107
11
1
275
143
209
705
293
816
1
309
3
100
130
153
6
62
33
73
15
216
3
38
8
159
409
295
107
7
1683
133
4
4
19
1
353
41
25
13
21
172
1
3
241
2
9
202
490
1
65
62
1
95
49
9
20
146
1
61
26
35
555
303
1
769
8
5
16
219
188
50
49
348
1
1
3
20
18
7
84
267
12
2
75
275
48
1
1
4
194
124
2
8
30
1
15
30
4
254
6
125
113
161
5
157
302
362
123
1
9
78
13
227
978
291
69
139
124
15
49
80
215
153
77
176
291
60
1
14
295
96
27
140
4
122
466
83
1
187
4
12
91
1
82
483
12
9
83
1
325
2
24
4
179
1
200
278
376
53
83
2
12
62
3
47
441
1
118
4
63
87
4
94
79
6
1
1
217
2
197
188
3
6
653
188
4
7
57
2684
195
89
16
100
27
23
169
1066
254
26
486
3
187
112
570
1
12
6
128
2
150
55
1
98
58
64
1919
144
490
43
248
212
9
658
121
128
199
14
273
21
2
294
4
14
3
157
2
6
3
3
3
199
219
409
19
9
6
1
31
384
10
61
2
38
142
604
259
4
151
215
23
19
115
86
1
199
41
11
664
388
12
164
76
187
18
83
3
7
132
8
56
628
16
2
71
1
494
3
560
25
36
2
17
140
542
5
144
2
228
152
4
235
11
263
18
659
251
164
308
10
1
4
24
137
79
97
2
216
3
86
6
235
492
331
137
1097
64
96
61
8
117
119
1
211
15
1
4
9
14
43
5
73
1
119
19
45
370
7
122
7
1
122
2
1
2
1
5
23
49
71
358
279
217
180
181
24
51
71
139
1
156
7
14
63
133
292
2
162
74
317
132
1
22
2
103
52
154
132
1
2
13
7
929
216
291
128
2
234
25
1
87
79
2
2
13
221
92
63
137
106
141
11
224
6
238
25
74
29
2
172
3
15
292
354
475
104
10
7
258
8
1410
948
93
4
43
350
219
361
46
119
424
512
1600
10
236
2
222
101
87
174
1
11
447
94
45
9
2
219
153
216
239
129
6
31
869
1
179
4
74
222
3
181
78
213
1
99
1
173
331
196
6
23
186
60
735
205
297
5
277
241
131
256
76
38
6
127
133
33
129
1
51
194
2
5
2
13
49
2
9
70
80
15
250
95
47
2
183
13
371
184
94
63
157
202
7
6
340
215
3
2
203
91
128
138
11
144
2295
6
1
422
6
7
1
49
82
1
95
185
285
5
139
1
267
63
251
82
4
279
538
9
2
69
178
255
1
35
14
219
94
62
2
1
20
28
52
26
72
98
354
99
50
7
2
211
18
212
90
5
54
1
141
20
84
223
426
4
18
22
138
884
3
7
276
19
2
12
2
1061
59
190
5
10
438
1
138
595
7
173
55
380
8
12
212
4
8
12
147
5
4
293
77
1425
19
1
153
3
304
163
1
230
290
163
2
175
11
178
942
1
200
256
2
102
2
86
89
7
1
266
117
1
63
108
145
133
420
141
1
1
27
228
8
2
3
2
7
4
103
128
745
142
1
39
41
7
214
130
97
67
26
26
487
319
138
3
19
244
133
133
124
3
228
150
258
8
21
243
334
8
255
102
169
99
58
367
147
2
16
12
146
285
359
221
106
1
59
6
28
1
26
9
8
58
113
51
21
16
22
2
1
12
301
7
5
12
6
112
569
79
65
6
315
2
451
61
320
156
103
1
85
22
432
2
36
49
366
285
220
27
3
84
3
1
32
12
3
1
2
277
379
7
94
3
50
532
85
172
6
1
660
344
203
370
933
18
217
367
14
139
115
1
259
24
28
853
251
458
173
17
1
95
373
9
320
72
3
17
13
2
237
1
1
102
65
261
2
208
3
14
5
442
12
43
269
40
55
193
2
2
246
287
124
58
6
5
3
16
261
26
127
77
25
753
127
7
1
3
2
37
5
5
148
431
4
2
20
2
4
64
28
113
3
1
1
481
2
262
72
20
290
163
107
15
160
80
36
206
301
152
101
2
73
299
126
3
15
56
245
8
51
290
195
1
548
1
228
80
4
120
7
6
10
1
1
62
175
153
134
29
3
8
423
1
588
1
10
3
539
116
74
529
11
176
83
337
1
5
1
1
3
12
167
1
255
8
129
19
1
3
343
1
1
1
1
123
93
377
167
197
1
8
3
297
72
304
6
53
87
1
1
168
399
7
142
165
17
18
17
160
27
7
376
222
150
152
215
3
24
342
12
373
8
35
19
135
79
51
2
35
1318
1
9
2
2
7
3
15
318
1
2
2
3
40
3
109
42
44
8
253
2
75
6
222
21
4
37
23
6
47
1
5
46
163
559
183
244
160
105
2
128
8
24
401
14
123
48
4
142
2
11
2
12
137
223
52
320
99
457
48
4
158
114
10
152
71
3
319
207
8
76
259
183
4
48
42
8
6
527
5
82
2
2
1
1
684
4
67
5
45
36
5
60
11
148
237
113
82
2
3
216
123
5
14
1
2
26
219
71
2
178
81
159
1
7
133
271
4
45
119
984
92
12
38
1
21
36
188
115
231
235
223
1
19
66
1
6
94
1
805
284
273
242
250
171
2
1
16
661
6
197
6
47
10
1
19
5
636
494
2
219
10
1
194
60
100
5
1
12
35
5
410
95
1
173
167
4
5
1
68
161
16
91
85
10
10
1
8
110
23
9
37
41
152
3
7
230
55
11
1
6
31
66
131
276
6
951
17
81
24
1
138
3
121
171
3
2
1
57
65
115
27
1
579
24
299
3
150
33
509
5
8
13
56
101
242
232
255
2
55
6
298
1
35
10
309
80
43
193
254
48
137
238
301
185
2
74
444
5
149
55
361
397
1
172
131
24
10
3
3
2
7
140
8
108
516
331
12
34
73
2
231
9
141
721
9
217
20
73
592
596
56
232
221
9
130
8
7
58
2
2
574
216
3
341
128
12
7
1
4
153
614
10
316
218
295
4
66
1
219
315
1
377
28
144
145
1
178
56
65
1
144
159
1
5
137
186
217
35
212
340
1
8
1
1
236
175
238
207
310
8
94
93
292
2
134
121
443
9
1
4
1166
188
87
14
1
8
295
11
191
112
109
156
2
141
6
3
5
2
287
215
122
101
327
432
77
1
1
96
11
1
4
3
20
313
1
3
172
31
290
22
260
33
2
1
1
1
348
37
96
12
53
299
16
80
338
1
18
219
132
5
226
19
46
33
76
49
324
93
1
71
94
3
246
6691
69
9
255
124
250
356
262
64
145
32
3
54
2
11
385
77
1
5
139
3
160
148
356
1
9
301
1
114
344
242
1
28
190
6
71
265
97
290
87
3
10
391
270
84
134
176
16
2
2
182
3
38
1
121
6
7
186
10
1
518
126
1
7
2
22
138
420
14
13
79
2
162
569
4
134
3
1
51
51
70
405
107
150
122
73
126
25
127
270
18
1
7
144
3
1
211
32
2
113
56
79
148
79
28
7
98
145
77
3
143
205
336
17
252
159
574
11
56
139
2
13
225
299
164
192
144
362
90
1
43
101
3
5
3
3
236
99
206
18
2
209
1
198
3
361
33
98
15
126
6
3
463
176
92
97
30
4
1
3
62
4
169
160
3
22
75
7
7
59
1
273
116
14
8
15
53
6
397
3
27
24
1
234
140
126
1
62
3
2
1
62
3
2
64
8
29
9
15
1
6
56
1221
3
15
1
34
2
4174
3
70
213
1
3
76
108
2
127
914
125
71
45
3
121
98
39
206
15
121
202
55
115
152
1
102
79
16
80
14
466
228
131
6
139
131
558
4
2
224
231
35
458
828
48
1
327
76
38
535
357
419
8
113
15
398
145
250
22
1
3425
59
206
9
2
1
3
2
1
35
7
58
121
7
106
49
51
108
28
90
58
104
17
271
328
50
2
22
3
299
15
192
8
1
93
2
119
379
5
44
10
20
1
202
123
72
2
144
11
8
41
8
93
45
1
14
282
2
20
20
2
9
44
144
174
171
6
4
559
2
188
1
51
115
248
19
108
5
262
4
1
5
488
249
34
306
146
88
126
224
70
303
1
70
276
31
2
308
22
790
79
353
19
10
221
221
19
4
7
248
140
107
488
165
43
3
128
3
87
3
1
2
11
8
524
250
344
58
26
1
1
108
508
211
2
1
190
122
38
309
6
11
5
21
361
95
12
332
1
18
1
292
133
1
1
82
193
1
152
32
52
1
84
360
30
69
1051
114
173
150
190
1
67
93
69
1
66
472
51
4
11
10
4
1
187
108
10
35
368
2
13
16
1
3
97
192
150
30
1
5
89
19
192
11
23
202
1642
196
47
2
1
46
6
1
147
311
172
1
1
2
20
12
93
201
2
636
2
119
329
6
10
2
691
6
226
1
79
158
27
18
86
167
8
70
145
1
10
218
253
4
119
89
529
172
74
15
74
2
25
1
358
181
199
570
2
1
239
87
102
26
61
334
67
109
4
29
337
295
13
155
235
225
7
1070
45
91
116
1
159
284
239
225
250
1
94
6
1
236
3
66
152
5
17
20
16
90
7
28
3
138
16
587
359
198
1
52
165
76
4
286
1
852
11
8
140
1
128
206
32
310
91
21
1155
5
205
211
183
1
229
275
925
17
10
215
132
41
270
75
2
1
68
65
322
85
55
17
10
63
33
152
50
11
527
11
782
12
1
1
152
71
7
1
339
172
2
325
90
4
762
18
3
327
2
3
96
182
31
166
125
56
137
185
8
13
9
9
264
1
106
5
493
770
56
185
62
363
84
153
126
176
400
122
20
18
2
11
93
770
8
3
15
9
3
2
1
286
24
30
87
323
365
2
1336
42
1
25
149
1
35
104
1
58
87
19
236
248
425
100
2
5
2
4
429
1
1
7
455
72
58
55
12
5
2375
87
26
4
2
4
461
1
11
86
117
1
22
126
287
40
239
66
86
228
9
159
9
71
178
276
64
16
3
8
94
8
146
1
26
2
3
187
173
353
1
2
5
1
444
75
6
1
134
113
1515
134
742
1
4
24
10
269
138
584
4
1
266
68
340
148
58
1
63
99
1
412
14
175
3953
4
30
1
51
36
116
43
52
501
7
19
1
137
54
66
1
187
4
382
11
172
262
213
172
46
215
1
60
2
260
122
31
170
562
181
5
158
4
60
51
126
2
3
143
3
12
38
2619
1
1
53
1
1
2
56
98
21
19
1
215
4
563
465
169
97
3
102
246
146
3
21
23
197
3
5
295
11
3
160
8
278
5
17
87
23
12
135
1286
7
1765
4
119
367
389
14
25
158
623
8
1
302
91
4
542
109
1
194
354
62
170
490
296
2
3
207
65
421
326
291
119
156
184
1
8
256
45
16
137
176
27
264
136
4
9
264
160
196
4
1
85
31
5
114
1
144
168
3
320
206
40
2
104
173
145
2
8
226
363
2
3
334
10
1291
250
332
41
4
8
36
189
53
272
1
1
614
4
2
598
268
5
151
27
66
13
81
1
3
632
13
518
1
56
16
285
108
68
2
390
2
82
1
489
5
151
98
6
1
19
147
116
426
2
1
120
137
170
218
178
1
45
26
3
4
121
198
351
99
224
268
206
1
142
323
18
1
115
159
56
8
119
377
64
34
193
4
654
9
1
1
1
86
5
350
35
83
119
1
349
1
23
80
4
53
378
203
770
464
42
5
78
528
62
77
1
327
243
182
5
417
792
370
8
10
1
69
17
9
645
1
2
17
197
2
82
193
1
1
309
3
4
71
3
6
12
2
96
277
141
4
69
5
1847
93
3
166
2
9
129
822
157
123
165
244
268
142
11
75
441
643
8
8
199
118
293
88
8
80
101
333
172
146
696
66
60
3
3
23
42
16
2
73
6
11
1
2
24
110
11
391
237
4
12
1647
108
624
1
1
234
36
4
6
5
8
19
165
391
139
4
25
1
251
2
1
266
18
2
10477
7
2
26
62
110
56
155
2
148
384
166
5
57
3
701
15
108
30
131
7
201
3
3
282
206
5
141
485
88
15
23
832
50
1471
129
9
695
4
44
223
11
305
4
69
1
290
9
13
155
1
3
1
6
7
204
4
1
13
205
6
223
6
3
996
220
69
307
2
208
3
3
5
6
59
2
870
5
2
1
10
16
69
2
3
3
50
8
232
1
111
9
264
11
333
11
46
288
23
318
6
181
1076
1
623
176
426
8
27
159
93
115
90
68
234
12
140
122
20
8
67
212
212
2
1
1
308
4
35
3
25
18
1
37
5
9
58
22
61
2
1
448
171
1
1
34
256
19
1
14
605
1
9
8
144
379
11
304
3
89
12
79
78
1
7
10
14
178
3
239
20
141
23
2
109
