49715798
18938376
337486345
340422671
16607919
61003804
16582234
19029537
16151587
189998630
18802733
17250357
467047990
71125560
44209224
17022537
18711115
8513102
48048211
44877909
707229782
295004759
1555903578
1071027804
16579678
820385893
145650278
112190567
557455977
16365676
121906293
1309074793
231983737
524657792
77112966
31479945
19671319
1084919437
13852302
48826136
297075351
387014084
47648927
18614952
66482863
1113466544
94412979
37968054
523723448
40927935
1249667275
43175111
2338885322
1250023543
265213816
2530288338
43385043
847610072
16253146
16453340
555232990
20187873
416756963
24906790
813286
74274257
18919659
157757171
355162870
21781758
986638976
52392194
16463107
11092742
85654279
98288395
36751628
1092734221
849960216
23956239
206735576
45550356
16321813
84399895
473218328
289518368
20068130
21691686
197248301
1154250031
19068720
16206646
139478841
66994655
110782268
24010061
625353550
66735501
218585426
2347381080
228934489
462233947
380674405
238923113
73260907
20567407
15778673
84979573
20892534
30258039
20689525
15249785
278098811
246393891
740719255
63494628
244321682
336009626
113138587
14778782
15146402
16788900
24254373
35456423
65069992
394776489
16406442
40092076
148208049
493334964
237990326
37836873
16560057
43387836
262749118
16414197
249964481
507958212
1469997000
851600329
2234985930
27978188
21356495
492535761
23709650
16536023
36085215
16275936
43339234
14716900
16347115
19003372
2272028498
24953840
44729332
341110773
392574968
411111930
21783549
