795328512
1018699778
2875662339
338501828
427081733
437755910
205144071
2269700104
1167548425
887480330
401457164
1199013901
617848846
21168113
1373863952
835601
416902109
2942701571
1681907732
56041497
41794647
606142491
758052186
1698136094
2384412704
606814241
113213475
180895780
246971485
547258409
446832683
2914099244
523938482
58695727
704760499
63578166
60764169
314343480
427393082
2891470175
2944561162
443416638
486981695
243482689
2336018443
1301573348
58927798
2743853127
2452389961
477388875
423821388
272203854
264667217
511344725
1006042436
478308327
731586648
874569944
2875587883
335609950
560775263
295968865
312082530
1283301476
575733861
481067025
828031080
198339260
2200951480
293904492
2665676909
124539135
33202288
487661682
106168435
2571264116
541966453
15401078
2560836969
2623725688
32678009
282873271
582941375
739819645
19169407
813875330
2748773739
2833338390
578550465
17948812
31244429
77054095
17064080
573964434
2538258579
2327355543
493265048
741687450
68892015
25976988
1276198938
480575646
72694469
2319084043
750515750
287645723
46637225
482394283
603686258
400326833
1905628531
406552757
351772855
252630388
1720631484
399817418
579182782
138146348
356483264
30072864
36372675
963190980
2873785785
15118369
17768649
270953278
2846171339
478232781
326942928
327393490
522821843
223355092
523157718
2941801252
576831704
954002179
342401243
429409610
2901811424
164487393
542122211
2605138149
388317414
2272280809
257777898
1719484651
166185682
1697243376
2422620403
202199504
780339956
2253234425
919863546
335831291
624427260
731504893
266346750
21635327
415211778
477926650
40329477
2808086572
1562018058
536914647
2220327180
473260301
131891471
415514896
2792612115
860419357
523644974
64717078
518005016
1275745668
2742305051
996237596
868991263
579092769
1512294288
631675611
2308587813
379756839
1023189288
2294119132
495468844
2838872367
1002861960
45711666
151636702
1337983286
974844805
2731993582
2286762719
2527674684
401211710
452288832
623114976
2828697922
2856942706
815718726
2886345031
366182728
1916974476
2489549130
152684297
2728010061
2788917583
170205520
247497041
366068052
2189219214
259498328
186704218
2926485851
939573596
838934586
377586014
41935199
1658863969
552705676
141738339
261030244
480739687
383803752
1343103337
459506027
394232172
789586286
426356797
24772976
581362033
456139122
381330835
2429800510
1920139638
2757206391
2894217592
407429497
1083851130
100327804
50207466
340304254
112215445
1039073664
719446402
68845683
1641095557
166740358
77930890
2776752523
433947020
31596941
410419598
1191233905
311812496
270322883
1250427283
1109404398
21864854
46203287
42754458
2289025436
1046430110
169289390
1975288224
258373019
145080740
1589698981
18888021
2773090727
1630888363
537788844
636002733
45304090
349877661
30605745
191201717
17973686
154313145
1372111290
76825019
1146569149
2912117182
870744511
16982464
72524226
2468477861
2704015814
618382753
439763020
635036108
128475597
42070093
29958608
2801959377
1342850467
1297195476
2373623886
38453718
465961433
330645981
28484063
2830475744
342958561
404519675
2236863808
19358184
342442474
23552493
272761327
2310922736
2908422644
15507958
762758569
166674936
2908037625
1554375164
2918736381
2912872403
491667541
30408073
56130304
346292738
2288750852
796017156
1705968133
112820743
1591214600
111206921
39379468
2827158030
1569771608
748585490
26378771
900855720
519012887
961669904
2820486575
16523804
635806238
36758048
364407729
40149538
737305123
173638180
601508614
821584422
2788295207
2855764521
1275986474
195068459
469845265
295776349
537682481
2739192370
378200627
1102512692
544809525
1881195062
348553783
561493428
811274
343425595
601612752
393675326
2193523265
2525463107
506593860
2882066530
29442630
528818760
2451669577
856971416
2749334091
14377548
458870882
14778958
437182833
281559633
2866930259
364700244
2587353685
181786041
47161944
2300570383
725025372
90718813
203309663
1317732960
339155728
71909988
2903835237
283648614
504930407
423862892
2806055533
69922765
552764017
49243812
2940887668
2529732030
2302330302
2709977876
577655729
2747441787
16206613
476209793
45422675
484470891
1462805953
19694216
795275
1898979980
358777485
1158627985
1940847366
2602661315
33292949
296977046
390431383
2400723608
2770182809
21324442
2436464287
355050141
2891195845
382262713
105374370
423633571
360940197
1120518822
1321491228
100008620
18247794
1210393262
23888559
738960049
510755507
768361140
2847384245
23159479
86542732
928400060
2935685822
136016752
30409411
727336939
1064600264
261956298
20013175
468787917
177915341
2361770706
1584808352
284721877
17728214
2863980521
2282332888
481764057
2749887951
20636998
357333939
42197726
1726041774
1198121696
937184942
103580389
48849638
293159655
297140968
1235682025
813859562
392938219
29521640
23347325
2203198192
40993523
449536757
725132022
28238583
481493752
17843668
385155834
35070079
1161734954
234136318
1895965441
50686109
2635875075
118899462
200254217
913556234
76407563
1428942978
228623118
876832698
814424850
498000660
354001685
2860163862
260076062
27951899
94724896
16130949
149021474
2883527459
860726052
414280497
236094248
867001130
2772920308
464732238
2802148142
2758624048
1146889010
215384883
311796534
259920009
238191418
341763551
602473277
1552491326
179970879
2721841985
219161411
895714116
595817878
30802759
231129929
184640330
344172524
110558746
1232274253
920224591
351314769
2841830228
504873813
290810681
368478345
2363181882
15172446
111171045
853181280
509561699
1580376930
2789534218
167134052
35570534
320586601
204505963
20161388
1403904877
1973125998
27698031
866288498
2399461523
1888240500
331383669
2233549687
86573944
2358633337
66159484
461529323
423887744
630555521
1046553476
2886927237
2593858440
194560905
28803978
786922459
1838842764
394970605
411624336
154362770
748774292
633103613
876864408
52982579
198132636
1629036698
12723102
2422866847
233055136
268075937
2883010715
19973028
2870207398
772629415
764281770
438844231
487015340
27337647
1099755396
1272625992
41698227
62423990
2875720631
20751289
365167546
2874475451
18039740
1107526590
805905343
89580481
1264690118
2845692065
2770060232
172532681
334693322
521462731
260398562
332252111
2767610832
1939371870
293823442
71106723
265135061
1114514390
615736279
1360135129
18187227
2874680284
2731271133
608084960
540244998
194348003
2314839012
456000485
830030822
1684104168
1623303145
762540199
1733518316
833455087
631677936
1239565297
382731251
364893843
462586870
97698807
21193723
391767036
349422589
500284245
798884864
93283329
381854722
2904490155
565994500
91160058
1631589889
345572361
2486551562
2699522939
369706498
69731344
2186912785
29492242
2850413401
898688516
292072282
481629272
631415839
295526614
379744432
1869609132
28235270
2531951655
26297384
1093379114
211314183
23634988
508118061
18474030
346252337
1027458098
566019942
1940845640
550696457
20980792
1243808826
1325147197
570073269
194239328
258630722
716269067
69985348
277759045
21455943
412873401
264561739
405136460
542629933
839451726
78578768
168846417
936027218
2810201171
2790573140
583271509
155788375
1776788570
250860893
838091869
2886714462
381789280
259097702
1862505337
504808553
330132327
437625964
1226458224
2436039794
1471276147
35021941
475440248
463389819
241337468
1421957994
2391754261
2671215744
401695874
604218499
2900018309
1014252678
360350855
355935368
28867438
414219203
120126515
564823182
2824660111
247096464
2372093073
214950083
17237140
398771349
2275910806
2266727575
332416153
519668890
458499228
554738849
270091427
930899108
503917425
997827752
490054825
808035498
242440140
359171245
605602991
2366145713
30885295
394003638
2306295327
74376380
952288446
1618592960
273048770
501171395
1040295109
40996717
1629396308
19481801
2453218506
339289291
539797026
553100494
2185045199
1225155792
2458854609
171061923
865027285
380617942
405349593
30147802
2292759970
515079449
1758055290
270124255
1120240866
370943526
1350337766
1187537185
519087344
94463528
335144178
2503083251
2857098769
1958120318
14255351
592078072
167421177
448636154
2753643771
1458308348
365748249
1431627007
1499718912
168387841
18064642
545563907
22716630
461296797
22985601
169673993
2295407882
524548441
195233037
445351183
35401944
58590482
21204689
522480859
2457650455
394345348
1143481903
61310237
265217310
2895299871
494355744
716240432
336896219
2629911844
146613541
52438577
606843100
2869568811
423142702
1363428656
1952765491
16336181
2506229046
1347929402
174630204
560694590
743470645
420832081
243772299
2813961541
1149478214
195069257
59278666
308225591
2830886220
480683343
384016611
66594134
132744535
55960923
2238477792
1083762234
2188128485
1491297632
48629089
954869090
280823139
494740836
2747483493
408118631
1598850408
147653993
1941800298
2869962091
44557680
303465842
29074803
479184245
2565916022
240354679
2305414979
30873
578708859
717105173
2842510718
32695679
842617062
233997698
2701534595
467142020
299893874
14960007
2507687304
739435914
1153923991
2246922477
512107920
266683793
276243858
2620925331
17393044
2776761749
2713496473
392032717
354919835
416712095
20409363
319432097
43902370
339060131
364561830
489664753
14607784
363439529
72443306
2429445547
2637759917
465110446
26035631
2740323760
1494001075
812034974
247072184
1679233268
2205550011
239633854
633275839
20710849
1528102620
1219659205
23020999
2874475977
180438474
28706251
32089549
50857426
1435091
875234772
354108885
2772305367
1067361752
45786587
306038237
28386783
394814949
2497201638
365864423
867026408
349717993
15402475
520925733
312886766
114099695
269977072
1917488040
615745012
36046325
446331817
744490488
407426644
2853332474
491739905
1038583292
53986815
498542082
429884931
2172749316
513824342
2533844487
421340681
2734622218
17213015
38711554
2874213902
601277967
224364120
113690131
594069012
30279189
2227635734
944600665
20436689
717435140
44039461
1274185244
335024994
182232607
541034016
20201507
1129678370
2472887843
17581604
1049811656
630752806
2902346673
1880917544
481633834
590964267
486139436
2231109167
23120197
62877787
478094899
245089846
418914569
257304122
509570480
843753020
1170163261
2321598014
145720899
878738384
321750598
33433159
1633666633
24470282
195454543
272148048
105053112
1005413971
156108373
300811863
262997592
716397091
30795357
65480286
1358227040
2284253196
307742309
317556329
1615713583
2168679177
2728666733
1036027502
1564649071
2771601011
2206811764
425567861
478086774
2229061225
1007347320
2281686649
606701178
1628350075
50071165
1072641564
79029888
2821891691
804364566
2252080776
13182602
375932555
418432579
106478530
436127374
52405903
2876929799
2819703064
71747219
2203841688
2895242863
1390757533
25684933
174696096
2229175969
106227362
69159859
2199733925
230033063
53806760
2903975593
2324309678
562603695
17278640
2873323888
94242483
2834968211
728360629
1917077178
101615291
273024700
28031946
280209086
381503093
585205441
2320956363
204613316
547782495
2836137671
1632143048
51799671
2604648141
297096773
580414413
256222929
1312286418
163571411
125822677
2646927062
2301949561
100856100
2367964891
91481691
17163998
394492135
1640827856
223082693
547194491
378304459
1575962341
457836263
273049322
406816492
1029921008
32483056
357253416
924272371
831407862
146466551
731457272
974948090
159934632
348260092
2366286805
2504402688
716396160
2766563074
1273751299
948717318
768378632
609699593
2789116887
923305740
48432910
348784399
1939834640
46139154
69316910
62899991
2887531833
743208852
2799240987
969344797
47941407
1000456406
2674558754
1517979427
489735972
2166898884
774539047
117961317
176998186
247105325
486033198
362776367
721430322
2310735667
2380908344
1010159281
261842746
44640059
1065846589
47155006
2259188369
512673600
195754976
756475531
2582382404
25903414
391784263
37726024
377730700
92038987
2161747788
101273027
2773854031
39503696
28217656
2917197650
2729491427
2768957753
156460888
1716332377
812353370
50710363
1131997020
421562205
1303848798
1262176100
2330953573
965216102
44148004
1920493417
89786219
2257069932
254240621
589596526
17811311
1296648048
624322417
435169138
1179003751
484763508
1265516862
1318725494
44030953
1054058360
72429005
594263393
532342652
74350221
2729600897
619718532
16993051
827714540
65365898
743139211
629548940
326929644
275302286
382412688
604811827
1659471762
26986387
2784150472
483100565
275805013
69404567
173027652
75693808
277841820
2649413274
478185375
864815010
2238596663
36652966
450176949
37481747
564123292
743155628
416638809
27043485
20719536
53469512
334849970
377759669
2870180351
22316984
357058489
2362869690
536561595
1263168368
1126180800
23504833
839985091
255250579
2833431542
1365690314
98502604
2868553204
2892851151
2879162320
377759697
276322466
53479380
215394261
554469335
2819684489
93902984
360087126
2725308381
606029792
25012194
135268323
981231589
574162918
38021095
633337789
314062503
322332652
61600634
1682245614
334145192
476432370
236980212
1166985206
159197179
2596456444
45139965
368158718
850233343
479922177
791709698
76138501
38037510
33146887
166643720
2797037577
1358473226
611908497
17582094
1567410192
124037140
2800920597
40445974
2438531095
999581720
482134041
2878842906
16074780
2738538527
21375009
2325948450
1411457371
12696582
313690150
824559655
1636763688
9349162
348089351
1013860398
355837999
22710323
499810654
2411625481
22964280
1835583156
203414538
567806018
489706303
2801125444
2849186145
2154768457
518129738
66209867
60155981
2502764624
446554467
26617944
330115161
292685914
1513850971
248227383
39143518
53938271
110225504
1262880865
1057294434
115804259
17991782
2633352484
1018464360
532314970
72444013
2255546045
81299568
1419574754
422300691
37357687
244726804
990373567
2305282362
29362301
304253056
472213636
454191237
755393
2649719148
14452875
2787657868
137103501
318302350
37726351
2856011920
1885606651
297183379
215713940
1132292245
98764950
1090381975
29370520
1152862362
385624219
321128605
108800160
136126832
1199433894
1497319591
768706728
473467051
1497213103
39270949
604997810
20271475
133867700
2811841566
27756728
2877411700
123701435
1955591882
101558462
352823488
1666099393
2253392067
406718660
1182992581
2565671111
2180516040
229640393
2880091913
546109858
346746458
587909329
1333094610
40884611
64227541
590227671
17180888
310446297
172583131
241944798
1325964325
2229184736
637126881
457795814
633067217
275304828
331655402
579431463
515625867
291206866
22128878
102770927
214550769
1411628058
452471027
366414069
32368886
339839223
2843494648
2769185018
27773180
633391359
2267678977
433391874
122690603
259483356
75442437
334104840
501234732
1886728188
1455507726
624953617
144640278
221530391
2252941594
558246171
1703397661
1408659582
2189248800
2259139632
1566320930
608626983
506226984
101656873
514618824
414904711
756148525
2558462254
1720895792
467945777
518801931
2576582964
2288978231
825289016
162998586
399665467
1330350396
547283338
2870085950
2685249856
2873672650
102738242
2882013509
314902854
2413111623
1051732296
2706710924
739814455
2730740044
44419407
441428308
2267400535
421505369
2867351883
1562175835
763382108
273918301
27617484
104655200
64948578
288614760
2331560297
2518475318
105572716
1663820178
2833238382
2931353967
394955121
420165902
756083
355623589
67169342
483370430
1081633987
29346172
2500553086
1092469141
1489373570
65107691
1362725252
558231958
423668103
608484042
258943369
27322762
16918923
2480900492
830613901
463415694
517097871
2632049043
372525457
40950851
534825364
168867566
1099393430
371296664
2409646489
475908508
32115102
33261983
2526627568
479201698
477409691
2606464708
2301503909
18729382
184510723
2229551516
589621132
591833516
498465398
348228015
328174001
2883483298
437700339
457963567
501115865
2378090934
386853012
261978204
323219871
2610760124
291454026
187017662
2717125056
746400193
68975325
1055263177
22219212
796559821
297745485
1917405648
476272376
2811464146
2908457427
18844116
2279202772
2369734394
911084000
2855905761
1655251903
2937602470
343026150
761878657
211536361
354912746
196362663
704138322
299969006
376436477
185661835
1295739378
585943540
487833144
429509111
143714808
2182294009
92482042
1056606715
501893628
1315170259
805063765
291875330
2930215428
2232047405
122571271
1075456520
1624697353
19180042
1915619851
425189470
2669955597
414353934
368683535
81913948
1260587540
455387669
597748246
1079929368
805513754
1613490716
1354623517
586893855
39242272
446401058
2784533595
27900555
349350438
1149641137
343116329
478328583
24554029
231344687
893774384
1954776840
129501746
2445576755
1365903924
34948597
2810358327
38890040
76188218
1341770299
2398710332
1033898557
2862484030
2208442944
1552230978
55723787
2606967364
38562922
2574658121
246590027
188132462
21020563
439265873
1684163154
987351636
2572928782
380492712
43231834
540879451
607111772
64211549
53173039
2840275554
304761443
1381345892
15887462
1628908134
772559821
45754986
1255385707
2881243758
14428783
87260454
407087731
493117886
328616566
154405497
799165051
15706749
39004798
2895456021
924410304
1605397122
470707307
1071983238
610461451
2861034123
874734018
739404432
44870291
441216543
14723733
567724696
716952847
102517404
2194602281
394496670
2243948997
402950816
349067035
2712742564
14379689
1856088746
33204909
2162116381
301247152
2825236936
402991794
377031347
532769460
475548341
574057142
1028754104
2799291508
315001531
477964988
360917696
358271287
478120642
548891332
15592134
583928519
1525098522
84369868
435227338
17349751
846829346
859694384
2766826192
356534993
282282706
382469923
189500117
1849101014
720136919
898706138
42160591
575490781
548834014
353978149
408554209
558582499
196905700
33204965
2887961318
2289009105
18500329
94644970
124652267
1455313362
427698926
251259631
466946801
2508204786
1431530227
1717668596
2744126200
27518121
433356041
191081213
335432446
623341990
2562829059
468650758
431033096
270846729
426165648
2400037645
558050062
198331151
440519440
331254545
413272850
716754051
406568253
319302424
1483770649
267496218
123972379
15012998
20818718
2780482337
803883812
1213062278
416779046
212372264
6654762
935388978
334367534
161201288
1002811645
599804725
2303675190
2406435639
314870585
830027652
511642427
2329848636
2914667325
558246718
2589698880
2216897349
2232437575
257526600
200687013
102714189
15928142
2579221328
101190481
139093032
252742486
2447067991
73535972
52767578
264317787
395963228
175000413
112872288
373451479
2723064675
843795302
26512231
287738729
2944732011
1084492652
88304493
1338111805
2251303792
18647921
381349011
2243708734
2482219894
46558071
2556447609
2451671930
8981372
341216126
256598702
251937696
120204162
277693763
771558278
911199114
2666892171
882715532
2482457485
2522399087
46312339
1489382293
2660035737
2352293700
758147994
1246841756
22784925
2196761502
22784929
301823145
2319654043
2872544164
386313126
449252264
391470236
73550762
440584007
114371500
74574766
74263471
54561713
805122547
866306996
2290562889
2229054392
39805428
139294856
111139999
2921958332
17877950
2852645823
293730123
154381253
491563974
1543293896
741975884
321063882
112470987
2776894412
2582768802
1022157949
2820762576
908020692
2869365717
1406569430
603261911
2922343385
481586138
469634013
582773728
341863393
16835147
2780531683
135769060
2260569061
2715675624
2732575791
2857053164
302100989
44305392
383831030
21162023
166401876
1543728122
27648511
701099179
485231620
400377189
454487048
24628235
1129603586
2214431759
507579409
268446739
2149059605
435173209
21277721
2911860191
287468719
2525400092
355240989
38816798
401667724
26830683
818588708
381215061
14666790
369675303
96693290
2942861831
72551468
702368946
131352413
162492936
1226664421
522377928
2678313895
701738038
1216220215
413436984
830168244
64900154
398437436
2432371774
456318133
164957248
26995777
300114067
248630341
563162182
2740497479
802311240
262954338
444076652
391097130
48229452
2712980558
611331151
19868856
2300619858
176909395
715366926
502074455
825776346
255216729
2799161122
1626336349
521899104
504958049
20556900
248424294
756599910
782503016
417213545
620612714
705358955
503608463
49065070
603579710
63548532
174435446
2769475433
119306517
512618470
2202004603
438008481
2762438506
24218754
521914353
344829063
236252296
1665600649
2507287690
2726694028
733392013
66964623
26574485
1616039059
776449172
1155045230
2173963415
868740248
155020441
504063855
942271646
467070111
35499169
535628962
513412262
1639222441
632212679
62205100
424565366
352045588
339766447
2265189554
1176906931
169217205
2460585143
374090936
1414155450
405277886
2203699061
2559388864
357633218
341679307
433945812
392408262
2784865479
23374570
48678337
63717922
102247630
75058383
388558032
150252755
767451356
191838073
2438008027
399099210
2618713978
377969749
2891525343
55602400
461450466
1050782948
2455514341
15150311
32206059
29297900
926215406
597585135
552979696
1012470312
1046449394
31411411
842097193
820710648
147449700
1386998286
419917281
588605591
381669930
389819648
2799299841
50819627
2570341636
2936629121
29928712
203216813
314297611
597851555
1499335951
67955985
2845216018
421604627
191139092
403090709
44911895
15772952
231847812
46312730
458846767
2936548636
1278782750
708816159
461188384
322264283
94817573
905162023
14939865
978477618
2853563694
2780704047
1610009904
2753244465
271166770
228601139
2264493365
1651661527
1564222004
727747898
22490429
64607561
350283177
2903240001
141713974
14303990
247880929
24168332
58535242
40378935
2487496012
21621986
2748755278
422128975
858926418
253005139
2552991061
186068311
360975704
342461786
2732649819
876044858
2309942622
227654885
1594666651
281849185
838978916
18632037
1334930790
40349032
268651881
166120810
270019949
2933280111
91417970
229827024
24379966
351186296
19238265
39423354
805899643
379299733
595938688
65383811
355601797
2283081096
43691401
340711319
422919131
1934437777
30745155
527101332
189746582
887840108
2153418398
20835739
456723868
10554782
629493151
1056534546
2873126309
272600486
348794280
462309276
34942379
178944630
22326704
2325056945
73288947
344408649
500272570
2394371999
15264179
2174743114
2830028222
2889223615
428824480
339258818
813990475
254276668
20737317
2211909062
1063734727
705752521
756190668
1260791714
2557677007
393768401
862274126
335568121
954641880
142159321
228855048
484445660
242044381
1000660232
246400933
267339373
558304737
2872323554
433126651
2298673062
14716390
432000487
2303831528
39046634
37195246
796405231
17807907
22212082
2769965651
809750004
188427765
406545091
255748009
64065020
766635517
49406549
2742971648
164351491
2424286724
894348806
394915335
387108360
634967444
24994596
27790863
503713296
2894745105
147303955
157748757
16969238
616189463
2317954584
1607630084
2792295963
1223552540
161370620
2190929438
106794527
28632704
2748501539
880283172
895608686
119377449
302231082
2882600199
2905583150
1861489082
479063600
604155144
350449202
2650107443
16674356
585151902
63327799
1883819576
2769718841
323898938
769376863
2174936329
1850099814
1631546942
2592632383
33383008
372100677
291892806
266951948
22148720
2301922892
2872774221
2537999950
1832480335
2472814520
2257825363
136064596
420367317
2774052439
826167908
1326165594
2716912911
18444685
25872314
424808030
446055013
485584481
21368420
375959142
164318823
1633259113
1201507946
2474454636
1064811794
68914799
24047218
1086426739
1563610740
116559477
103173750
2612866679
249433724
2854817405
2877544602
344828539
240553600
803696257
1263046274
438128674
317107844
2480923244
418803338
243666571
25188316
1276243687
23367312
447647377
1315475090
299437715
2349067924
2560438894
42282646
35040537
2590136148
16649881
2395442263
31395483
107106020
63573662
48822213
2838866068
422907556
491893361
39628456
430034601
1373561275
506457466
1904610990
577801903
858107569
62443187
389855177
212938424
529641145
2879713887
599784735
714837692
600436413
89271998
618768531
48213696
518434497
84086467
267479731
1177341637
543575751
52470116
464699317
305213134
713713613
194760400
137596625
96209702
2886479573
97955542
2900356825
2838597341
544173790
68053147
298274528
544837347
553914084
28757733
95121126
943385660
2229112554
777317671
860933869
22916849
2170810098
2470399731
1693069044
1056427766
391720695
288542457
157972030
21434108
832605949
335321045
1061875459
457035526
18536459
349949704
330829577
1062121226
2579314647
749621005
221646606
375697167
2209681168
809987858
1635954451
2234871020
567371737
1700351768
270627460
1887283352
178433327
301420321
352071458
108334885
1358040870
1343374213
1122627372
1319177522
270746326
1692152456
19951411
1830358836
2791110583
761982774
122138427
368668057
382414657
2845208386
36826949
238710598
15077191
1395134281
186232650
2735859573
1690128152
1101283981
476950352
112619345
27021138
2245642211
292040532
2782605143
2236968793
2933165914
2756906133
840888156
2287406941
399511394
403812195
84946788
913238424
2450876042
403194513
72896360
871214954
244952939
252768108
591957869
395636591
828026736
1022300018
2845765491
612373593
2216390518
267022847
1648906105
2769284987
309309309
1477762368
25563011
338767748
230297477
2873347976
270002156
706203530
473350807
2759178221
2439786387
20459412
2316299528
418385815
603238296
2566238105
1539452827
198692765
1104964933
270348192
44537062
131182498
186290083
177835940
522485062
1878001
45002664
24629509
816239785
165544605
2465222576
41463732
32603465
316094043
381806580
1101967290
101322683
2291634067
379178941
2247536574
568766399
2221498537
734113730
1432031172
268152775
495111500
22548427
1693044684
1025118157
2858954702
2474946511
770715600
284864467
359452628
2874093525
2284550997
1468452823
2172587992
587042777
463465807
319872281
277278685
701383333
27127811
161152336
320778211
453971940
282776230
589213670
63852520
567627753
271200234
598601042
2877312749
39533907
257546238
2242940918
407711735
53579769
629583866
2290333695
329134076
472371197
2352025598
2344472576
332566529
844664834
2349273091
66998276
1353178454
125063174
415728300
21532682
18533719
71536652
89239568
380325905
117428242
46878739
1626391214
415079383
519503193
2394460184
2480208625
545599516
382258522
410083917
45470777
2200588320
2733699105
193933346
2471931939
2367737893
2361200679
224014379
24162350
270531933
2269868085
489648182
2354999351
18690106
1357746235
18124861
1447727166
393621567
331395136
336842817
2206855234
1199149123
171569220
2753794117
586861921
42466553
1155692378
1099157581
88748111
15224913
982175826
219066451
21682190
2382155863
353546328
1052217433
1674339236
287879261
254963806
493334624
351842402
309353830
542175335
2756375742
2501546090
406507627
34967661
422334833
181003616
324628594
69401123
385536120
174606356
94138491
713346410
497356926
624216085
465272705
137580674
18821251
2847297670
16945287
2328006793
506193943
1194619020
1143623822
2442621074
2838921923
249671828
88477846
2923360407
2253437975
64114031
36466844
138236061
259444894
1581789343
489074849
2280673443
2524876964
265449638
47288487
315560105
2151682219
2608148654
2907386032
2207695560
2878173363
2782892213
2419683510
341930170
632419951
2324756420
2750345405
483446975
728862913
216764610
128069828
549742625
18174154
1890160843
2901913804
241660111
59264376
561589625
1013747928
2288059269
1416678168
280834267
1467781340
992399581
564808350
506835167
2691600610
2706739429
17535206
320770279
708004796
820777195
17821932
2756169965
355201262
1511936239
2329276656
336654577
59322610
157102323
1275269364
489599222
2872586487
270982527
177574141
627847422
1049301
2732372225
2188030210
505052340
249434372
390402309
316756569
360026375
497160458
2425860363
354332942
26915087
374129368
506212626
832090387
76419348
37962457
25850136
80621849
1700722735
2393125148
167623822
5689632
574486576
2915438884
380375339
2896948098
19558701
379040046
2265314361
290271539
306319668
2356916533
237449526
506952436
570429752
347926841
840307002
534897375
230945084
108114237
507854364
307959861
226325216
85201857
16051595
77369668
2811375161
217633094
364983009
2747429193
396874058
55447883
254615077
25342286
803082577
2914881874
356282707
307523924
1015746901
750121303
1880805722
1536769423
79850956
842010973
271176030
2157273829
248885600
1606062433
424540322
33739107
2272006502
69701991
133462082
286052445
2427779133
2364420464
457953649
1252805827
2642029971
33927540
330625399
344240505
23719952
28848508
193323754
1049661822
476410240
1096526520
2879701739
49523086
34279815
556372360
720155017
372560266
2811993495
478992450
28832142
239030672
793285009
1660866962
248631702
128422295
2257891739
337818012
28133575
396890527
325276065
383393179
26583625
2838598055
1634532367
571439427
2477054023
248443308
32068013
746492334
241840562
370495924
2273239358
2355769783
2412777912
282071482
2382611964
541258174
112579008
10351042
438538691
92148165
117333409
611226056
42799565
516241485
1609314768
352047569
328176082
14070227
1245139412
954044888
31994330
1225929180
201560543
2874348000
254366177
369037794
359576035
613396964
42716203
1419521017
218228695
14193134
2411024880
2562945521
2270763091
2272014836
19739530
282587641
77640186
2850451963
507818492
2647724541
2900520947
399173178
23936001
460706310
2329146113
205771272
1606614444
157078028
63255298
63067472
26785954
348680724
446747158
22139417
21488597
318353947
26372186
324464597
329809572
710783521
539349862
24930395
416551461
278801841
2533428239
520032809
35828266
499345194
371569196
25358893
139924014
48607791
297040319
280580658
163921331
2431070773
333263414
1217253943
1530810936
2372899386
52193375
1434292796
424776253
33911358
22510009
779268679
422990408
246125129
1890652746
1950372427
1018819148
14616674
861966926
17633875
2211050068
702501461
622146135
1615770200
809841241
1531343450
2165609052
62639546
385938015
346329697
2859995746
1056632251
51368548
445166181
806016032
42807912
1271033276
2272293482
473666156
2920256110
386912879
622170737
486281846
1238569592
1689957140
2696974970
101606165
2886690854
21559534
24074306
67908229
623874695
223523464
63754889
16478862
2459284111
710202000
604549777
836840899
2155451028
1380520597
37679767
526642817
462189211
2495582878
54043419
2288962340
764359338
274322091
163215062
516510493
2176529072
2887146952
2320011954
2639329395
15551218
2863534780
24999859
2326229694
316625599
33018561
2301816860
1327559364
792933061
51630790
2420466465
547295945
915378890
494553485
307951710
389731022
714642127
40833746
115151573
1132303064
752571097
157471450
2892903131
450920420
866898655
551433344
386896609
41816802
1641419491
122139364
1459770086
2151920359
18589304
412791535
1297187624
289078087
1659212532
1423577845
535532280
964869588
2676938879
723448573
394274944
558043906
2332177159
14775050
2384065292
7435022
535843600
404468497
306270994
191279892
19747608
2156639001
32084765
512619045
495055647
116817371
52278052
1499542310
548827943
64314643
321458986
744416010
569205554
842224430
122224093
51989260
16499507
2384433972
417507465
1229370164
2936001339
2562102076
965186365
359117631
399774528
2871636801
346198850
2788807493
410907462
45604321
217305265
1316524874
1302115147
309859148
270414669
375853902
117453647
795095888
179245905
323254541
488125269
15192889
81482585
247935834
2267804508
1515328351
1247013008
885658466
1680905060
2501038949
2617463654
16272188
375952232
22590314
478196587
525874028
1909715822
235811645
842265456
177395820
636654451
8236102
2905609081
598741882
549557115
381227901
420828030
2814642969
13120
2824287109
199507614
205247367
1326265226
15550615
1053995917
351097742
2186367888
16323473
2436150162
767980435
173609877
35240089
485979032
419935129
724997018
430257051
389854108
387881114
2367599520
27349923
477975462
1441108903
191271848
2153569778
61568775
2479920047
1170912176
509416369
899232691
363752928
1604383670
1537696585
241963962
2771162043
2764452797
2429432767
225915841
37278659
2770711492
254858182
2887833761
32887753
598964463
447288269
467506126
430375757
21173201
860722130
2604708819
164762580
14898134
171060995
167850971
2866839034
558232542
2811540448
14586849
1164047330
515921098
377762641
868658684
387290090
1158820843
60429294
2733331439
1466143728
32740337
23139314
22492147
7803892
2745881589
998274038
72347391
562721784
716043258
1311347707
2443719678
2581488469
2866172929
82686978
2584540164
398152709
185447431
49566728
246823084
154579978
203338763
458331151
383939603
2851386389
2431104022
354063383
930426372
493806068
2518193182
549647392
16999259
402125860
2746889253
306871230
716525923
430871596
304731182
5919792
2469712483
386540382
851727414
399225912
1237821620
45564075
397357919
2769556540
554415168
18211680
92148803
299316292
2841797437
18273351
759551048
285258825
924873426
53548107
2791707725
2527589454
427938897
993145940
561755223
2777257048
774189924
242445933
378926172
621603064
610101556
2202383455
809636960
39499355
86987875
540783717
2709992550
500446311
1942647912
465589354
32134252
25015405
359508711
219812976
307680369
2881629715
365007988
2909074550
449328247
360060025
11883642
44103280
2757538940
948835453
363360606
276673664
362550402
2866279275
1491227780
450049157
215880838
2230608294
48028595
2262193289
2293675146
89232523
2191457713
2504496270
2720879759
1653591576
27595923
547099796
2882802837
15799446
2263414907
1009398936
231512260
2772858010
379450223
18216092
303971866
1665119390
2398275781
1380758688
249515709
491828388
2708993189
451151091
1155716264
1506045468
145110186
197437639
474098375
21607599
575796400
712661192
2329597106
44131104
2823674043
28657865
882250939
385701053
268047550
1063425216
1586246850
2908615877
772175046
2635142344
855296204
911430858
260093133
508024014
810019164
481719160
511055060
1729205462
382555001
1377801432
712897754
930755804
33240285
1216861406
225096927
2298557664
594547937
1035416802
2349872355
478024932
2634724581
2756556006
1719388369
1275729134
400849866
19542318
1961964788
106254425
2221493801
16323833
321033466
340489468
562382112
1900918015
341906688
1537735686
17044740
39589125
494408577
2158892298
89953549
419173647
198595856
948516114
1978399038
1400788244
1335124122
935602393
616420632
2257466649
334869787
56497436
245959993
21349253
2149600026
983700774
1530811687
363115816
118396202
2768966956
377976109
2686844972
2161915184
314627377
864507186
558765363
560665908
190854457
242890042
48097740
525636925
1134867775
1161532736
967993568
5744682
203208003
2814719302
530894701
631518536
283722636
536786251
288980574
153204047
332322128
250361169
1526584658
18144038
68883797
1690015062
2602702167
913726548
513480026
418993500
2898384221
906892639
24237409
574027106
1884632420
554636648
864040298
538642663
1730844012
1689908114
202773871
539530608
840430962
204182899
1257379188
329856373
17323382
300480745
72711727
332492351
99652988
975172975
2483230078
29037951
363091329
2369336706
498972035
552784409
21130817
2177558104
565892489
473428887
2707527052
1419203982
1038153739
436958608
472520083
62576020
913946005
1225831830
609613208
844384495
262712390
1015722906
50369950
484177311
2889781197
390862241
1600009634
2941105572
2823206229
33551260
37934506
25990575
933418416
30946740
29119925
448509368
2757842361
69107575
606737852
2677462464
1242469825
393039695
223376835
1607701957
16782790
19448737
1676973512
14939593
382150311
2268122701
412587473
2901857746
25772963
103093717
2306913751
2810107352
108454820
603051482
113733199
713029084
396260829
2884983015
462288352
2300360161
865490402
1539734204
529998303
112563685
2317243881
488969706
2744391147
324179436
19527151
257947121
1319178900
389510645
35968504
1032748801
1032656383
111142151
19666433
274765314
2351805957
1608619526
224794119
750482953
211260938
19691025
389043731
213401771
176281110
479876632
24508676
325108655
2315916828
293556732
2327466833
2178233889
849753637
469317158
85210663
2335921704
114866439
1654289964
883365422
424678959
434533936
2218207496
2189039155
16573091
247993912
270618207
2788824638
1461048895
173987395
1031816118
21248584
2153567817
1316702215
2779756111
2615154256
19215953
6338132
308558094
490018390
37156440
506670692
228628059
1452215756
398186077
438769250
2940490683
66172516
1206058598
2640893543
546402673
1095202411
135870060
103609967
925677168
1035949681
785167986
50534008
1653855865
494488338
111154811
263444092
497546879
19052160
2792236000
217319750
2914841537
86866199
551065228
2876348047
831600272
527947409
262395538
579294867
22328981
111523480
594007705
12687002
361035420
33134237
2934634077
16438943
97337997
2192750241
23705250
344389283
563269633
2793952933
532641976
92706471
2897778345
178402993
40564402
2352092852
264001205
215013048
2841269945
829503163
82171580
570401738
168703678
1237600544
2828103503
233368366
338086177
1695717066
487839436
135035997
2910033615
19355344
2724239057
352122578
250698019
164935380
23541462
257914156
2407561850
50632409
788117210
33961692
34322141
1323300578
87798737
215627496
2624378603
592398122
1688698291
22583022
236205807
1529264424
1603737330
308713203
1723856628
2740737783
133535480
8238842
2770654973
223270654
2867795711
1631563392
371651542
406501127
577664776
415209225
544274189
2381076781
1491728144
358863330
2467469075
85202708
1161143449
1592675972
550762266
1558230811
225515292
450589180
21796640
2442622753
1027086114
352838619
435410724
63331974
212988881
2319414302
2534569331
2215105761
1898583854
427938781
432781107
41711413
447649590
61667128
394450745
338581308
18247306
42923839
447652832
2759702338
366419595
284489543
2565265224
2787126327
243902775
794777420
117528397
2228959055
477001553
115218260
2895636339
2592069463
415094617
25171802
596834139
36239197
534222686
415674000
37074787
47757157
18962278
1084728612
580320166
2470070588
2864014981
60780178
2871859054
1128363889
766007155
24983413
50354038
453252985
80426874
459495291
118847357
1063524223
365188992
118896513
422909826
895727492
1325324166
35256199
63797690
1049378257
2344236941
2747428504
17905554
1488557971
245208980
74611948
2831685527
51189656
1963292569
1287100314
314192879
43339418
1476032414
45484357
1255421856
16930721
719263651
1854933318
336893862
2165803105
377376539
78731177
398956461
64911278
303749039
2916046769
830355378
1566111667
418360990
251767113
211957688
375461817
237978126
624715814
43235261
46380990
567147600
2279767712
19822591
703961028
2877301750
1315477446
22484937
261014519
465721292
63812490
482588624
44603345
484169684
225122261
2238175190
2261956567
2310199256
284824545
256190969
44826573
567678940
1925789664
346781666
1972811748
2313484262
376346600
817810104
247594257
385497069
2759612399
1663326192
29382643
49763326
362434217
188445695
211570859
103946239
1152178176
130529282
548640771
224032772
2201196551
272001412
1564997641
18061322
2895956311
108454914
465965393
841037840
188078545
579098644
65711790
22525974
578079065
1658574872
1129863194
315554150
1242109981
2881036828
2826824983
521861507
56045829
17766437
113687503
337989297
2405767209
759945258
59947051
2204153900
57997861
887134254
25311581
2300319792
1025333299
558266706
549361717
1661442102
2784507959
356333624
705337405
29014078
20396095
2499737666
68998155
503740486
723335239
279910473
2892347466
374257739
19810658
2150873166
10676642
1697371423
2873550175
2330269779
920107094
258979930
1122293851
15808604
57340184
81631327
845923344
367474786
26400867
587882371
69359974
576108647
1920194666
1161599084
47544429
1314101358
150449853
2405390448
165533810
63191155
1104713844
28645493
774600822
2264444544
1460395711
1695310027
2838648957
441076447
2883507221
2329507716
1607352000
463370373
219060359
346617992
2149881993
727333003
519575693
205248654
259414159
1869625488
524572817
1107606619
70162580
351090837
2408560791
705927320
2242746521
1730877594
876239006
37443745
551532706
634431857
290928810
74029228
434623511
405215408
2886097073
25282931
1019967668
423090357
443444937
47364280
629913786
57424059
2228944586
501087512
190814399
27319380
1577859265
529397973
31185091
508106948
574052549
630560968
1278777547
89022786
753678542
100101137
20748498
1875228883
349149396
78944469
158298145
2427941934
542095578
2832842447
341874908
2891536606
2754503717
191551712
716290274
1299709826
18487524
446410449
26917097
16704551
214325485
556325102
365009135
28924144
1687099633
1086844627
25229560
427817584
562477306
57991741
1635894314
44625621
35887360
904018177
298834178
485071107
36739332
2829883653
891508999
430730629
2593257738
572102923
394418445
346298638
2681133328
16029971
498546964
2212770862
527022359
2727819544
2934614404
341567299
2275440924
378575133
438188318
389781791
516102433
152622033
261855523
860444964
563026213
2872736038
14784808
2398353705
739801387
1661229356
725956909
24787248
63543602
173024802
2355091766
711432505
365877563
2297198908
1158355261
445888830
2753419583
2801932608
47574752
275822914
324393283
338032968
701536585
60750156
2151389517
2479192398
796965199
2825385016
555522386
865349347
625080660
2783189333
2572196183
2332268888
92608857
2942802267
128096084
376281437
550457061
249132091
36952420
1641920870
2878953832
253843817
1969502570
33405291
271538542
792557821
766663028
1275820406
2389801336
73677183
377190784
49314177
2778356098
480820971
452278660
463911301
575314310
579131783
569637051
2474170763
499113119
566835599
1003268504
355857475
425417109
2283652511
739506583
366310468
1169763398
944108970
42965409
924522914
635563761
1426012572
736836012
735328686
412785071
410556849
35084723
2728606133
455300169
774240697
1311390138
2470586783
262388157
2826025407
237722048
2655242338
427661766
742168993
512825801
1691621834
380688137
244386210
1260739022
422753357
338180561
20958407
2455862214
1072749020
773865210
923556318
193354207
2315278816
2203458018
2180569571
1451776484
2161551782
1023113702
10369512
625170921
64420332
1571248621
193862127
2282756592
22059506
1041491
59273680
722362735
477043193
465869306
50190843
2871313493
446740993
1265015298
181008899
17644036
1721494141
721992199
516123052
38912648
486728791
1038481932
2908355085
151984654
1326027864
69509845
243505683
67139365
2369231383
847637527
626063897
760215787
566405551
2828868125
162478622
1018944032
317766178
386880918
2874513957
42002865
24140330
90271424
581430673
2870744157
90961736
458177073
76782130
441403827
43247982
26967974
527055416
2429401658
1328588479
2900646460
598481469
50764350
2727590463
528144961
276281922
1007776688
146905672
735427146
1554373195
80747084
33069646
62626383
2235259472
1323006546
2939501140
15268438
907246009
2331015768
162962009
501119579
2882094832
108173919
792713826
363985339
1264917096
91585034
2870506599
106756716
380320366
1862851183
272923248
370375281
440490613
559692406
181017207
2532068489
419011194
2545752699
1242823292
4776521
1893800576
50961025
50690692
191538290
52247174
47553161
928438922
105192075
320772749
935623310
637583
2389719697
2465454740
2798996277
21232280
1120967324
266828447
630617461
1129631515
919755206
1445304998
2759398349
2855967405
18004656
2426010289
1565122586
2777496247
15768248
2902817465
42310330
2907110075
2765716156
49781194
588043152
37149376
544479937
1130126744
2778682710
146971333
16793377
88791752
2783136204
266541770
264949538
794483406
365976271
75723871
1220119334
2892823252
23321302
799390423
363093796
2257255130
610425295
1101880028
398293725
382480165
576690912
399776481
609606370
463256291
337525476
343793446
498035094
2768100071
2753672646
750617724
205069034
237599468
702372589
1081252590
383294191
586701688
389323506
33065427
142646004
302343371
47729108
2263038714
21764859
536034044
1032091164
2874563327
48405248
378864768
377776194
542041458
44530438
1121041159
2284026633
1277967114
2512796427
263879436
1167586434
2744752912
744463122
2180301955
349936404
110590741
177692127
1228240004
383228700
857463582
27990815
2514729760
422240291
370880253
2709609253
2285566758
2420071358
348093224
38583082
380392998
98953116
301513519
239696796
519060275
1684675380
45194037
117562166
2821004087
85982008
723267380
204577594
247946043
24288061
2155977534
1096477152
766704451
325884740
1135704901
545623917
1239989064
106462025
1265883978
948722508
17955298
374897486
1917104371
370484720
2272394070
913734488
238820185
577387354
487185243
1659371322
2864364382
1238817253
107762967
621432635
555629412
2603006824
2882678319
557697818
247913325
2736528238
2765781873
111377266
822301843
752589684
1046485879
31579000
382434169
972921722
311466878
1066893110
286202753
18193284
737899670
348044167
372644744
35593102
344865679
36425430
497104024
2909553949
503923955
272057497
519584665
2257188636
601455128
2911427486
533724997
95828897
948001699
467245988
2203733830
19028902
2876373927
1485020072
206317111
2940829011
2793339819
2218552186
1056951998
2744869433
563198899
116859994
61103030
420715448
261835252
124312507
494058430
1198847136
996490178
488692675
2275175018
1226603462
2558163911
365146370
249412555
1442921420
1383618637
363453391
2211191760
1882094545
36250787
197819348
159947735
112057304
468548570
147405787
215038458
355888132
119600998
1033711440
253770722
2273516515
411671528
418761212
160560295
2300198738
67402737
364035058
357776371
364584985
2674441206
39180746
1075649528
439532537
2886704123
397016062
113032193
2832129029
892247046
889691144
468818953
29342730
1050573835
43604482
1511912622
4373521
2627380624
21077012
223302830
450067935
344431639
1597098511
556284953
2202246170
389102619
33324060
807386142
545518273
568448456
131374117
1450359846
498809897
332397611
15342636
2279906352
584378888
226679785
93486135
1493359675
2718284861
2370468926
26629177
44866624
1096375362
2806398019
415235974
437484615
1338031176
27032649
2283879498
33337186
414923854
509475919
79903824
33279843
26852436
566737422
93682774
90545239
1963465819
412703837
2730721125
129621088
328924257
332526779
451771492
14130278
863763559
1286782056
521968745
1059404906
2878242663
1250281729
2218556525
422837360
57375857
2803997810
118873203
2764366385
2768618686
2572729462
1957698679
137084025
571079084
1059544188
1543511167
2805808256
43547555
2907723859
531643524
167632005
101325958
74849416
145488407
91012236
372120718
14752911
715373712
30473361
102822613
939321662
1135539750
1723546776
451706009
539658993
2222333084
420617374
2719063199
16609153
1031650466
1005730980
135330982
189078695
17071273
933526698
421850123
415324449
89668784
14959816
33979571
56999092
46177461
339796966
2893993161
59473082
18805962
358226704
554663797
79043779
954703045
487693510
2862849223
18996424
355613897
2844531915
554646732
361692365
2664586446
2938690767
34413776
836295889
461453859
283699914
2783831246
853932858
503635161
17456346
2808956111
366779615
74505441
1430945322
747936996
171581814
2801417447
1619326747
61930730
520800807
122756332
28161768
721009902
455098237
612717555
47840299
139377906
25844981
134249718
792960247
2839756025
1935924475
1624292605
2843958530
591456811
27278596
1684594561
2886941960
1694194442
193142027
44285196
408838018
2881461518
2774097167
600635097
2773572881
367508754
2158513584
550518037
21877133
2769465220
783215869
2763760858
603389214
185887906
1888569914
121947673
26991909
2213190950
16140849
26598395
26746155
35603550
54590766
107773232
115456900
820116786
343681587
570029984
2190671159
25189689
712834362
2904188127
230006077
384023871
372292928
908385602
354574591
91249955
313417030
42966343
2264751433
2736391394
265196686
202438976
910064978
257686867
757996884
557112662
35591396
253369690
998406288
524897142
2860296762
2758827359
309326376
373636449
711204194
79063611
41825510
40312166
1608490345
2813604737
263311487
162094444
13459652
975033811
343095869
63716720
764505992
55336307
1190484722
283675198
15916409
2827022303
427728255
2875760000
754115238
1030974414
1324579513
2822673433
2305162636
551348802
2716056974
30173965
587952024
2760334738
625171860
33725847
444636568
25501081
830135706
493362587
619126172
551517526
171584069
431800108
346627489
419118498
2466028963
1084120484
2896895397
106216873
2400624042
36478379
537185683
219569581
15711662
60374448
2863798856
454172083
1043774900
350330293
1388289464
516726201
596957789
180510624
161540589
944561604
325702902
2648827210
1024572871
1401283244
559184460
37772746
2873812567
54689230
129990095
554769873
1183972818
84418003
2822323668
2393586254
357298980
750104484
250419791
137256412
89701853
186293727
519892637
371809761
2589793762
603561445
16301542
210271719
2787687915
2481020396
74274045
115699624
240000498
415294181
62422516
2905808374
274497015
1025228280
29351417
324673018
27743487
24894972
105979390
87236096
21656832
2418309197
1434506466
29818373
23248392
2690840493
559972301
768671246
2339687012
2784288274
1038198019
1096875540
1031228652
2744048217
322739736
1041341978
1172938267
2452799004
453593690
2147532318
200244767
539074081
35090948
2727779877
180912049
701210154
944706823
17956397
381319684
24362543
1161948061
477830706
858611251
15755630
30817847
15482424
538770015
633255178
37338687
2345811520
223313473
582171617
407094614
2183290440
334077513
560635468
2766655017
376733262
1548885583
2507341396
362905174
745205689
1276026457
468362511
1852272570
26648158
704388703
442375777
15867490
522678842
2901130852
286539365
2193292902
443106129
21827225
774591908
286940782
2877636541
413539952
1857862248
104920360
431570550
69983863
414473849
67034654
803453616
60313511
2353774209
1151847019
189111942
2743105137
352878217
2802523786
353312395
563322508
21241485
377584934
2277008508
2771058320
131292817
44039826
149937812
238640789
45391511
825859736
424664729
24993436
518512286
1035509407
2187910816
1237342832
900693122
535683475
62406311
317734573
713458238
2183937711
1272511476
286809779
868728500
333205449
21880505
349106783
198622907
35905215
186687168
474645792
2390097602
2148982467
176725700
2909281989
1537654472
472956618
258440909
930102990
435400653
2285903568
295950411
1729183442
2863783635
358776532
97830985
233997604
250444309
2407775964
2245115613
2825158370
768801403
89478112
2828713937
2324512488
476397289
27467499
308666092
837123822
236953327
169661432
952844017
777346802
487735027
1260576500
977324670
845897462
366706423
350478073
39427834
509542139
2181078782
2914983893
1089465818
785398400
1963750321
2738219567
235568901
611131142
217890567
1216372489
603225866
1144156940
34598908
2378276623
38502160
17022743
1925103384
865828633
2821062239
75502895
21266204
330039221
69345054
527096453
472593712
956661540
844709670
321863463
2615967528
2732377915
415104811
117645100
746430253
613442867
129072030
58864551
14270262
450084666
1935236923
625040010
170052888
22724415
58982210
367532683
489784630
295919431
2152111944
2869894985
266895181
175854700
246456146
766943059
45006678
1035272023
1674785636
120864602
95320719
424443742
1118138341
422371171
865156964
30696757
214564710
46414481
239550439
1002700652
441327469
1120165742
1350156145
296089870
505113235
2193358709
2727747561
450035576
2505170809
279814013
275245717
635576193
15703938
2889531267
595025798
629989255
793993098
15646606
731668368
74572417
323663171
348708758
916570010
292626335
968343456
125362160
468121762
2529354347
2569527204
2807775141
370343846
2431311783
534336839
809926572
403701677
476151729
1184292786
2734317491
1902002100
2470158261
2732741961
502333369
622740810
37124880
584432724
32071618
1031587147
225411014
2642583495
1588511076
1036267778
718086092
33710029
724189135
228933585
2558027451
349413420
45588437
173928441
1733459928
36989308
263782362
1654710235
1923858396
1534738398
15293093
29171680
17145825
422318075
842530788
1431057745
48439273
2726459632
45055982
378781680
442081265
261356749
348677459
80936950
450819771
2396979192
328228861
1712486095
565813247
