2277763072
382441474
264411142
113032193
2269700104
2944561162
386912879
2558027451
259498328
398227476
624216085
246448150
506193943
2394460184
390719515
1698136094
606814241
337989297
462420008
239696796
446832683
1387298863
1025333299
271176030
27256886
2354999351
486981695
1199149123
187740230
274217032
2892347466
23159479
60155981
25667663
491667541
184520792
1674339236
335609950
19710048
337174625
115804259
315554150
87332967
1018464360
343611499
836477036
555702633
1480282232
1065444943
223582332
724559210
215265406
2344956608
40445974
853747850
31430796
37726351
2538258579
493265048
258560708
819642522
265449638
555262119
2904490155
29153452
2455830703
355274928
378867889
1918345394
355501427
2211479733
301664439
1292900545
529397973
2253392067
508106948
555278369
2259855566
20748498
349149396
345067301
2877544602
2738219567
618698970
767451356
1652152542
278065375
194760400
475459812
2538201317
388317414
26917097
461529323
1085298924
2756169965
466153710
598964463
489664753
452471027
46547188
73677183
35887360
24957185
224014379
845109511
1161753644
476088586
373451479
2404935950
371315416
2792612115
498546964
136143130
415142171
34742558
618397983
379756839
506226984
101656873
553146667
330740018
1115738544
2576582964
2356916533
243902775
1158355261
2753419583
2685249856
1948412226
2882013509
20076257
1051732296
2747429193
1056104778
15307086
44419407
803144016
247497041
2149128532
1015746901
25631063
38347096
1562175835
376281437
377586014
2627380624
276763707
48849638
2272006502
9644392
2331560297
84128107
474575213
2364420464
394955121
53548107
33927540
35913263
18148074
1049661822
842547583
463911301
547283338
49523086
599784735
1663820178
534825364
1099393430
46203287
474196379
1426012572
616290726
1634532367
412785071
189008304
1149641137
2209952186
272665022
870744511
386390464
874734018
606065091
2704015814
390862241
1055263177
42799565
26128846
251926991
1609314768
1455313362
14070227
236532181
544362966
269418973
342958561
2180569571
142111209
24629739
2562945521
493806068
67387896
993145940
92482042
507818492
39881222
518801931
72372748
414353934
748585490
26378771
601455128
265765404
471570974
2153366049
446401058
87337507
173638180
520925733
520800807
43684392
365271596
22674525
893774384
537682481
454172083
1931033143
2745419188
593230394
509641276
24470282
2208442944
110225504
2606967364
458050316
1890652746
16835147
522377928
1408659582
2769965651
364700244
110520078
2744048217
607111772
376195677
2879713887
134005344
535843600
327793250
528908900
25930341
14428783
717568627
2912117182
536863352
17943161
1694990972
286507647
531350145
87016067
270627460
107119239
1665454728
177395820
743417282
164487393
2259188369
2179347090
2602661315
2465454740
473350807
567724696
15293093
1856088746
965562823
973247148
32228015
27441842
77296308
2830028222
550139338
2935685822
360917696
544479937
30409411
349553348
21715653
15592134
474098375
1064600264
248795850
794483406
218161872
1365699282
2153272019
384082644
1260739022
518019798
799390423
2282332888
813791012
2257255130
219775439
441076447
202199504
609606370
463256291
122139364
96209702
1459770086
379816682
2223635183
2310939379
780339956
1908359294
536034044
547379967
515855105
118899462
439726858
2512796427
30378764
155034383
815078160
262193938
287945491
16268054
104010520
173605663
608626983
1413212976
2288962340
1220119334
18137901
1332857646
809810736
1229370164
1120594772
853932858
602473277
558246718
21334848
346198850
325884740
289078087
773865210
25008971
1573323600
1329410899
2438419284
500284245
2272394070
292072282
386540382
374637407
463370373
285840227
398883686
231682919
811656092
549444462
1263168368
752589684
524897142
2358633337
623172476
2409572160
971025282
29887363
394345348
21349253
2168236936
882715532
1945736077
252156814
344865679
1887283352
511839124
75379865
1724234648
415274820
758147994
23532443
389854108
1629036698
376472480
91880353
467245988
19028902
625611692
371041200
449145777
899232691
866306996
554050485
1031816118
105053112
317557689
494058430
965284801
37278659
1237916612
2558163911
1543293896
32887753
2873672650
49564619
21828558
293823442
752352212
24028118
541258174
14679892
27464868
481586138
787579868
315960286
339796966
333157353
2857053164
471223277
286809779
998274038
1898224632
167109460
408067073
381854722
235387909
1049402881
1656681480
311691601
64107533
284683279
268446739
148974620
2811841566
379744432
424561698
460706310
743838758
400326833
458673194
15342636
2259139632
246627378
1265851230
1325898806
750482953
505052340
261372986
106544187
67169342
716269067
366310468
277759045
455300169
264561739
2791707725
2564197456
168846417
1216870507
352848980
2777257048
1286374489
442360922
2275571376
378926172
412703837
381789280
853865376
580955236
611196012
1226458224
2436039794
2756375742
1059544188
401695874
450049157
215880838
1002700652
616189463
2377227404
337947793
393712788
398771349
843771032
891650244
461296797
420617374
467070111
2582768802
556414115
1005730980
490054825
145110186
359171245
524930223
56999092
456318133
2893993161
477326520
1220199284
799239355
339155728
418467701
790627525
2862849223
263509192
355613897
843994315
261356749
2664586446
507968895
549742625
1862505337
503635161
322264283
594547937
32838892
867165421
926215406
400849866
552979696
1012470312
65813747
134249718
14255351
16323833
876827899
27743487
2350933248
578231554
1038198019
295526614
2882600199
1130018058
2535722252
597851555
2774097167
939365652
1905446166
1559127193
340476804
458846767
542095578
1343374213
522480859
2633352484
146613541
87260454
777317671
377976109
494284422
2780704047
1610009904
1223275826
16336181
2190671159
501026105
280065338
594851133
76240437
323663171
1104964933
351097742
247880929
2383258954
613014859
288980574
2251502929
757996884
68883797
557112662
513801559
1083762234
906892639
262954338
280823139
838978916
498035094
268651881
1941800298
887840108
445166181
325033329
2278284659
59264376
1613063546
2251003262
2567568767
2246922477
300656016
2620925331
386880918
448115609
349877661
1090379166
26623392
31262113
1600009634
706595739
774591908
2896895397
250159345
1246841756
433843626
382262700
315524527
1214289330
1494001075
107879860
169661432
448509368
239633854
2895456021
90762688
1242469825
339258818
836840899
944561604
568448456
37772746
493117886
177915341
2772305367
2345049561
45786587
137256412
396260829
462288352
137190883
362886628
394814949
2317243881
939134443
394970605
2866930259
1038583292
1928881662
1631589889
369706498
2424286724
394915335
1145880073
456267275
876532994
19691025
2881629715
512888343
31591960
1223552540
468768626
441216543
39282213
630752806
577655729
1880917544
1430945322
1604462125
24362543
24725043
48926261
30817847
2811375161
257304122
281235005
1322446400
813559362
2183290440
967116044
468844108
511278690
2779756111
2285566758
1381345892
14073438
446055013
599512672
442375777
595996258
1095202411
598888044
343571614
103609967
1035949681
2612866679
1007347320
263444092
31454847
79029888
266256002
310982275
248475269
189111942
2152728209
262395538
488692675
430411412
430886549
364076695
1362351768
387742660
1594666651
705085086
314062503
53806760
577664776
454495920
858107569
355012275
408637108
215013048
164085433
76445312
2895299871
82171580
24632266
67473086
440490613
526603968
518434497
443444937
73944781
2285903568
137596625
1729183442
318470094
36425430
613926622
298274528
2173816545
550457061
27467499
29374188
633452272
777346802
487735027
393066231
974948090
417343228
387327743
28632704
1529552642
1557165829
611131142
74572417
1085130504
396076814
760609891
24930069
309427992
1615713583
794916636
69345054
2632838943
1027086114
489735972
382480165
441448231
470431531
613973804
247105325
2588722992
178747189
378701632
2582382404
263879436
2288978231
327231310
2740125521
166401876
56880981
25189689
435173209
36239197
534222686
147449700
2328006504
871214954
2257069932
589596526
1022300018
766007155
24983413
2155451028
336932733
2787687915
365188992
230297477
364002284
362710922
435036044
15646606
337901459
340711319
299288475
2394371999
570029984
143923107
61923237
60313511
177078187
2734317491
455311287
401598394
526768060
994043844
465721292
2858954702
377759697
131330002
284864467
347572182
705234907
1534738398
17145825
346781666
2165716964
803082577
792285164
539979761
205906269
53579769
25572406
368158718
47872341
