331350018 21574752 1 0
322940265 348627815 1 0
584056836 594248962 11 10
584056836 340476804 2 1
584056836 1130018058 2 1
584056836 980038795 3 2
584056836 458050316 5 4
584056836 490546189 13 12
584056836 69342222 2 1
584056836 539633295 8 7
584056836 2211399187 8 7
584056836 547209748 10 9
584056836 66518296 11 10
584056836 926300072 3 2
584056836 122215722 12 11
584056836 351853745 5 4
584056836 430443192 8 7
584056836 340758331 11 10
584056836 1722389515 7 6
584056836 389203016 5 4
584056836 983820751 5 4
584056836 48180050 5 4
584056836 482552916 10 9
584056836 184520792 5 4
584056836 299374442 6 5
584056836 290184306 13 12
584056836 255417076 5 4
584056836 403794939 2 1
584056836 37279868 2 1
413407362 476913536 2 1
413407362 33405004 2 1
413407362 27936852 3 2
413407362 70039769 2 1
413407362 48087389 2 1
413407362 178774911 3 2
270532615 463461274 1 0
270532615 365859638 1 0
2269118474 1957810028 1 0
563085326 316226319 1 0
18874383 93715482 1 0
2147483665 412519363 1 0
36700178 421095102 1 0
36700178 275076111 1 0
2703228947 1155458330 1 0
421527572 359765834 1 0
432013333 240088672 1 0
1692401689 1155458330 1 0
353845071 212078675 1 0
22020123 26018843 1 0
382730268 49203300 1 0
705360522 287906949 1 0
322961441 296914044 1 0
2159018018 1164564818 1 0
2159018018 358553469 1 0
200103259 93715482 1 0
2205155364 1645737926 1 0
88080423 150381292 1 0
71303208 14787705 3 2
71303208 16271908 2 1
71303208 18137901 2 1
20971563 39881222 1 0
1416626220 1378427660 1 0
1416626220 1884270751 1 0
2438987821 1608758508 1 0
391118894 75453432 1 0
23592968 29058938 1 0
390499820 359776273 1 0
534773816 55118063 1 0
14680121 19258489 1 0
513802298 1155458330 1 0
301989947 474575213 1 0
301989947 436134765 1 0
2442629970 1884270751 1 0
30408765 21574752 1 0
2148532287 611687030 1 0
2263875648 1155458330 1 0
14680131 1633081 1 0
14680131 15101175 1 0
25515361 755733612 1 0
15728712 2259139932 1 0
37748812 14248409 1 0
37748812 2259139932 1 0
37748812 2291943505 1 0
2434618722 76240437 1 0
1305477200 337174625 2 1
1305477200 338057423 2 1
26214482 76284665 1 0
263192659 610263915 1 0
358613078 358195454 1 0
631242839 21213230 1 0
288358488 304130812 1 0
175112282 593230394 2 1
175112282 465878907 1 0
175112282 52392607 2 1
261095515 446758279 1 0
375390300 49203300 1 0
615514205 49203300 1 0
258998366 338151885 1 0
1635778656 1155458330 1 0
